bird 0.9992515444755554 3724 1389 3753 1410
bird 0.9991488456726074 3479 1241 3510 1265
bird 0.9988623857498169 3228 2041 3255 2064
bird 0.99872225522995 2656 2343 2682 2370
bird 0.9986904263496399 3812 1040 3841 1064
bird 0.9986211061477661 3535 1429 3570 1460
bird 0.99853515625 3272 1490 3304 1513
bird 0.9975123405456543 2674 2435 2696 2463
bird 0.9975064396858215 2618 2154 2644 2179
bird 0.9974318146705627 3047 3521 3062 3549
bird 0.9972652196884155 2760 2368 2792 2389
bird 0.9971714615821838 2113 1852 2138 1872
bird 0.9971068501472473 2669 2201 2693 2228
bird 0.9968826770782471 3144 2095 3173 2123
bird 0.9962890148162842 2120 1818 2147 1836
bird 0.9959123730659485 2767 2010 2793 2027
bird 0.9958800077438354 2774 2450 2801 2472
bird 0.9956139326095581 1279 2238 1302 2261
bird 0.9952150583267212 3359 869 3380 882
bird 0.9941322207450867 2095 710 2125 743
bird 0.9939559102058411 3088 2419 3112 2451
bird 0.9935103058815002 2943 2414 2968 2442
bird 0.9932825565338135 2676 2134 2694 2164
bird 0.9930413961410522 2713 2285 2733 2319
bird 0.9918647408485413 4495 1236 4527 1269
bird 0.9916558265686035 3935 567 3953 582
bird 0.9915209412574768 2162 2734 2184 2759
bird 0.99080491065979 1272 1933 1298 1950
bird 0.9905208349227905 573 1826 583 1837
bird 0.9899515509605408 3592 689 3645 727
bird 0.9889410138130188 2875 2252 2896 2282
bird 0.9881343245506287 2847 3503 2869 3526
bird 0.9862886667251587 1544 860 1571 900
bird 0.9843077063560486 1144 2130 1168 2150
bird 0.9842619895935059 2007 638 2040 673
bird 0.9838001132011414 264 3557 282 3574
bird 0.9836418628692627 1166 2187 1188 2213
bird 0.9834368228912354 493 2031 508 2044
bird 0.9807251691818237 531 2010 544 2024
bird 0.9803446531295776 1335 2225 1359 2247
bird 0.9797759056091309 2916 2763 2935 2774
bird 0.9792895317077637 1250 1594 1279 1614
bird 0.9782840013504028 4580 2770 4602 2788
bird 0.9778752326965332 5016 714 5035 730
bird 0.9755144715309143 1213 2128 1238 2146
bird 0.9732239246368408 1097 1601 1124 1619
bird 0.9724485874176025 479 1752 493 1763
bird 0.97243732213974 1413 2318 1431 2334
bird 0.9720712900161743 3164 3519 3178 3545
bird 0.9719799757003784 3639 2314 3657 2327
bird 0.9716904759407043 4757 2757 4789 2786
bird 0.9714644551277161 2185 1218 2203 1231
bird 0.9687795639038086 447 516 474 542
bird 0.9656774401664734 942 1523 966 1545
bird 0.9653677940368652 1172 1599 1199 1616
bird 0.9650130867958069 4246 80 4280 111
bird 0.9622156023979187 2143 1856 2171 1876
bird 0.9606133699417114 2943 2735 2955 2751
bird 0.9603610634803772 2186 2704 2205 2727
bird 0.9584833383560181 3400 2295 3420 2308
bird 0.955561637878418 878 39 903 64
bird 0.95514315366745 582 1946 593 1962
bird 0.9544658064842224 3854 1223 3866 1241
bird 0.9544030427932739 1093 3353 1106 3368
bird 0.953498363494873 3444 2473 3454 2490
bird 0.953389048576355 529 757 556 781
bird 0.9529546499252319 550 1792 561 1806
bird 0.9482994079589844 1312 2269 1335 2284
bird 0.94748854637146 4494 593 4527 627
bird 0.9470410346984863 1026 1606 1052 1624
bird 0.9467582106590271 1287 2188 1310 2211
bird 0.9448350071907043 2802 3411 2824 3435
bird 0.9431535005569458 3487 2281 3505 2294
bird 0.9424771070480347 2171 2761 2186 2776
bird 0.9420716166496277 1506 2366 1525 2380
bird 0.9401642680168152 4196 3166 4214 3185
bird 0.9388173222541809 564 1981 577 1996
bird 0.9373893141746521 954 1787 966 1812
bird 0.9355406165122986 516 1768 529 1780
bird 0.9338312745094299 2966 2746 2980 2757
bird 0.9336999654769897 2933 2718 2952 2731
bird 0.92633455991745 2664 3488 2689 3532
bird 0.9244260191917419 949 99 974 124
bird 0.9241405725479126 583 759 598 776
bird 0.9237100481987 877 1267 909 1299
bird 0.917687177658081 2935 2782 2945 2799
bird 0.914261519908905 4936 1968 4954 1983
bird 0.9080528020858765 2430 3518 2444 3541
bird 0.9031107425689697 1196 688 1230 724
bird 0.9005947709083557 2141 2666 2165 2690
bird 0.8976328372955322 1079 1570 1099 1590
bird 0.8966423869132996 285 3281 312 3329
bird 0.8926699757575989 944 1906 958 1935
bird 0.8874245882034302 2919 2733 2939 2747
bird 0.8819229602813721 5050 785 5064 800
bird 0.880452036857605 927 2792 948 2810
bird 0.8767561912536621 3462 2452 3473 2470
bird 0.8745612502098083 2961 2726 2975 2742
bird 0.8718098998069763 511 64 545 98
bird 0.871685266494751 72 3491 103 3542
bird 0.8698210120201111 1604 2413 1623 2428
bird 0.867253839969635 502 404 511 415
bird 0.8669903874397278 2498 3057 2512 3077
bird 0.8604331612586975 3455 2440 3470 2451
bird 0.8593046069145203 2971 2767 2985 2778
bird 0.8535435199737549 3452 2425 3471 2437
bird 0.8526439666748047 1380 3203 1412 3231
bird 0.8487764000892639 3745 3236 3762 3251
bird 0.8477530479431152 2426 2977 2439 2999
bird 0.8428995609283447 1225 2239 1252 2261
bird 0.8340383768081665 5081 2542 5112 2579
bird 0.8295288681983948 2654 2342 2672 2351
bird 0.8278288245201111 4615 2760 4641 2781
bird 0.8136875629425049 3362 3514 3377 3539
bird 0.8133686780929565 3438 2455 3458 2466
bird 0.8131802678108215 1219 2213 1242 2229
bird 0.8090099692344666 492 288 511 306
bird 0.8053574562072754 1702 2464 1720 2481
bird 0.801978349685669 3416 2438 3438 2458
bird 0.7979481816291809 182 3340 209 3391
bird 0.7965702414512634 2637 3236 2651 3260
bird 0.7912598848342896 2953 2764 2967 2782
bird 0.7860450744628906 184 3417 212 3470
bird 0.7850627899169922 177 2779 194 2798
bird 0.7791218161582947 597 2582 613 2617
bird 0.7727981209754944 460 1836 469 1847
bird 0.7673806548118591 2345 2901 2355 2919
bird 0.7652602195739746 591 1867 601 1880
bird 0.7645639777183533 933 1938 946 1967
bird 0.7577787637710571 460 2849 467 2864
bird 0.7475712895393372 430 2592 442 2607
bird 0.7452167272567749 3386 3133 3404 3151
bird 0.7449663281440735 1337 2587 1358 2605
bird 0.7424608469009399 591 1907 601 1921
bird 0.7420300245285034 1052 19 1079 48
bird 0.7415244579315186 966 1497 990 1515
bird 0.7395483255386353 3968 2774 3987 2791
bird 0.7363537549972534 3430 2468 3442 2480
bird 0.7351741790771484 930 2753 946 2763
bird 0.7320927381515503 1396 3345 1414 3369
bird 0.7279351949691772 67 3408 98 3460
bird 0.7265872359275818 3461 3066 3477 3082
bird 0.71882164478302 350 3377 363 3393
bird 0.7131583094596863 956 1884 973 1891
bird 0.7128078937530518 2619 3264 2638 3271
bird 0.709891676902771 922 1759 956 1778
bird 0.7064273953437805 930 2845 948 2861
bird 0.69549560546875 530 559 562 591
bird 0.6944737434387207 4700 2007 4720 2022
bird 0.6788398027420044 1284 2119 1309 2142
bird 0.6748685836791992 1786 3046 1820 3082
bird 0.6729152798652649 4476 3465 4488 3477
bird 0.6686815023422241 1701 859 1752 897
bird 0.6684253215789795 737 3268 761 3286
bird 0.6681221127510071 620 3058 641 3076
bird 0.6629838943481445 1380 2569 1399 2606
bird 0.6497580409049988 4517 3398 4542 3416
bird 0.645745575428009 751 2829 775 2852
bird 0.6434023380279541 1795 2517 1814 2535
bird 0.6429122090339661 5068 761 5110 794
bird 0.6362781524658203 3562 2295 3580 2309
bird 0.6284273862838745 2935 2760 2952 2769
bird 0.626162052154541 940 2955 952 2969
bird 0.6242640614509583 765 3104 785 3127
bird 0.6174408197402954 3725 1389 3732 1408
bird 0.6163358092308044 1097 2760 1116 2788
bird 0.6159292459487915 939 3024 956 3041
bird 0.6080260276794434 4627 106 4645 127
bird 0.6052277088165283 1669 106 1686 122
bird 0.6046903729438782 936 2861 950 2880
bird 0.604236900806427 927 2821 946 2835
bird 0.6035991311073303 487 163 512 196
bird 0.5970603227615356 1216 2712 1237 2740
bird 0.596770703792572 1359 54 1380 77
bird 0.595535933971405 1268 1993 1300 2012
bird 0.5925776958465576 830 25 861 55
bird 0.5891359448432922 2971 2760 2991 2763
bird 0.5865015983581543 4322 0 4343 26
bird 0.5838414430618286 3756 3512 3772 3533
bird 0.5703111886978149 752 2852 776 2874
bird 0.5624181032180786 942 20 972 54
bird 0.5590924024581909 2625 830 2679 867
bird 0.5541340112686157 4687 3463 4703 3477
bird 0.5517987012863159 937 2932 953 2948
bird 0.5512332320213318 730 2300 756 2303
bird 0.5495584011077881 3390 3308 3410 3329
bird 0.5371028184890747 2761 3430 2772 3455
bird 0.520757257938385 2828 3507 2841 3529
bird 0.5197141766548157 4170 3156 4190 3179
bird 0.5190024971961975 1833 397 1850 417
bird 0.5104671120643616 3266 3515 3276 3542
bird 0.507172167301178 517 638 548 661
bird 0.49883216619491577 494 2853 510 2881
bird 0.4976408779621124 176 3173 202 3207
bird 0.4971921443939209 3310 3157 3330 3173
bird 0.4941173791885376 632 1876 646 1891
bird 0.4873385727405548 2810 0 2831 8
bird 0.48284798860549927 4579 3474 4598 3492
bird 0.4821890592575073 3944 3451 3963 3467
bird 0.4782998561859131 4618 0 4635 6
bird 0.4779328405857086 1156 15 1182 41
bird 0.4778720736503601 1654 2957 1669 2980
bird 0.47725099325180054 287 3352 313 3406
bird 0.4752865433692932 356 2346 373 2352
bird 0.4661358892917633 475 1829 484 1840
bird 0.46210020780563354 5051 767 5069 788
bird 0.46106576919555664 1249 1657 1277 1676
bird 0.45411011576652527 4518 3162 4534 3183
bird 0.43964168429374695 802 2999 823 3013
bird 0.43589627742767334 3542 2995 3555 3010
bird 0.4358251690864563 2300 2971 2316 3014
bird 0.4345450699329376 1531 2912 1553 2932
bird 0.4330505132675171 506 522 541 559
bird 0.4263881742954254 2031 2874 2047 2891
bird 0.42590945959091187 4221 212 4262 252
bird 0.41813400387763977 2533 291 2568 325
bird 0.4149807393550873 502 402 535 430
bird 0.41479015350341797 2653 3476 2671 3502
bird 0.4138687252998352 4418 3452 4435 3472
bird 0.4127551317214966 3968 3039 3986 3055
bird 0.4104083478450775 3327 3345 3349 3363
bird 0.38962188363075256 4328 3506 4360 3534
bird 0.38950103521347046 939 3004 956 3025
bird 0.3850024342536926 940 2972 954 2994
bird 0.38280579447746277 927 2763 945 2782
bird 0.37782031297683716 70 70 92 86
bird 0.3739614486694336 1058 2804 1077 2812
bird 0.3650285601615906 3500 2950 3511 2968
bird 0.36450713872909546 3366 3202 3379 3216
bird 0.3618369698524475 2571 3141 2585 3166
bird 0.3593173623085022 4729 129 4750 148
bird 0.35627102851867676 542 1992 554 2005
bird 0.3541777431964874 931 2877 949 2892
bird 0.35054853558540344 4648 160 4662 173
bird 0.35014742612838745 2603 3531 2616 3544
bird 0.3462906777858734 934 2833 948 2846
bird 0.3440544605255127 379 3177 402 3192
bird 0.34366798400878906 122 3401 140 3423
bird 0.34163761138916016 267 880 300 905
bird 0.33820658922195435 933 2805 947 2818
bird 0.3275623321533203 3707 3536 3729 3571
bird 0.32693246006965637 4911 3575 4928 3583
bird 0.32501643896102905 4505 3459 4518 3471
bird 0.3224448561668396 726 3213 751 3234
bird 0.31679290533065796 2050 2844 2068 2864
bird 0.30739617347717285 1668 750 1686 766
bird 0.3059089779853821 5097 2574 5111 2593
