bird 0.9984015822410583 2646 1979 2677 1996
bird 0.998138427734375 4019 2155 4043 2178
bird 0.997386634349823 2589 2076 2621 2096
bird 0.9970230460166931 4071 1131 4095 1155
bird 0.9958385229110718 4691 898 4720 928
bird 0.9955991506576538 2700 2007 2720 2037
bird 0.9955872297286987 2327 462 2345 480
bird 0.9951199293136597 2815 938 2847 969
bird 0.9949129819869995 2591 1897 2607 1911
bird 0.9923821091651917 2620 2011 2639 2042
bird 0.9913444519042969 3942 966 3962 983
bird 0.990932822227478 2667 2047 2686 2079
bird 0.9892354607582092 4197 2760 4218 2776
bird 0.9882595539093018 2514 1968 2534 1980
bird 0.9878132343292236 4310 3127 4334 3149
bird 0.9871940016746521 2508 1859 2528 1870
bird 0.9831632971763611 4031 2121 4051 2137
bird 0.9824995994567871 2559 2030 2580 2064
bird 0.9816617369651794 2187 342 2214 368
bird 0.9814742207527161 2477 1852 2495 1865
bird 0.9785465598106384 2486 2003 2501 2020
bird 0.9783358573913574 2776 492 2792 504
bird 0.9757968187332153 1341 1590 1372 1622
bird 0.9729124903678894 1819 145 1839 162
bird 0.9711562991142273 2420 1987 2435 2006
bird 0.9703196287155151 440 2511 464 2536
bird 0.9677243232727051 4060 1343 4079 1359
bird 0.967589795589447 2479 1921 2496 1933
bird 0.9672769904136658 2683 1895 2698 1913
bird 0.9632399082183838 2502 1813 2517 1825
bird 0.9613469839096069 3984 2141 4005 2160
bird 0.959724485874176 2625 1848 2643 1862
bird 0.9586930274963379 5020 1183 5038 1198
bird 0.9530438184738159 4629 2749 4650 2766
bird 0.9513986110687256 4163 2651 4183 2669
bird 0.9490343928337097 4999 1028 5018 1042
bird 0.9484054446220398 4783 3078 4800 3095
bird 0.9482074975967407 4301 460 4328 486
bird 0.9435389041900635 3857 887 3878 906
bird 0.9362169504165649 2462 1864 2478 1878
bird 0.9323855042457581 2777 797 2799 819
bird 0.9310998320579529 4622 936 4645 959
bird 0.9301813840866089 4098 3329 4118 3354
bird 0.9268844127655029 5011 401 5037 429
bird 0.9246681332588196 4985 1197 5005 1217
bird 0.9230912923812866 2458 1952 2473 1960
bird 0.9209977984428406 4041 736 4055 749
bird 0.9172537326812744 2488 1871 2506 1880
bird 0.9133312702178955 2496 1841 2513 1851
bird 0.9114614129066467 2480 1977 2494 1989
bird 0.9080523252487183 4051 2231 4071 2245
bird 0.9074575901031494 368 3294 389 3316
bird 0.8993711471557617 4257 3077 4283 3102
bird 0.8963049054145813 816 498 839 511
bird 0.8959157466888428 2987 1260 3002 1276
bird 0.8924787044525146 2518 1834 2536 1844
bird 0.884869396686554 2649 1803 2662 1814
bird 0.8841912746429443 2485 1817 2499 1832
bird 0.8791558742523193 4101 2448 4119 2462
bird 0.8777235746383667 2447 1960 2463 1971
bird 0.8734121918678284 2492 1958 2508 1971
bird 0.8707290291786194 742 2561 772 2590
bird 0.8700249791145325 4790 2685 4812 2699
bird 0.8698734641075134 4513 2827 4539 2849
bird 0.8690618276596069 5059 3350 5093 3381
bird 0.868463397026062 4018 2009 4037 2024
bird 0.8660652041435242 4608 1293 4622 1310
bird 0.8642003536224365 4003 1788 4025 1801
bird 0.8611737489700317 4026 758 4039 770
bird 0.8546857237815857 916 2042 946 2068
bird 0.8500506281852722 667 3278 696 3296
bird 0.8488214015960693 2758 872 2774 888
bird 0.8374202847480774 4528 663 4552 687
bird 0.8328839540481567 4690 2974 4704 2987
bird 0.8294901251792908 365 2536 406 2567
bird 0.8267987966537476 2761 529 2769 544
bird 0.8211851119995117 2543 738 2561 756
bird 0.8133316040039062 2467 1971 2479 1983
bird 0.8114123344421387 4356 3214 4378 3246
bird 0.8051043748855591 4644 959 4657 971
bird 0.8038879632949829 3782 820 3801 838
bird 0.8008156418800354 5081 827 5099 842
bird 0.7981542944908142 963 784 975 797
bird 0.7966791987419128 4072 764 4083 776
bird 0.7953157424926758 4089 1230 4102 1249
bird 0.7910246253013611 2471 1819 2485 1838
bird 0.7864104509353638 4007 1683 4028 1697
bird 0.7784894108772278 4819 2866 4838 2889
bird 0.7784574031829834 2881 128 2891 138
bird 0.7783935070037842 649 1625 666 1643
bird 0.7711173892021179 4696 2820 4717 2834
bird 0.7643757462501526 3636 686 3657 704
bird 0.757727861404419 4979 3396 4996 3407
bird 0.7570621967315674 354 2557 368 2569
bird 0.7560439109802246 4925 1703 4940 1717
bird 0.7462227940559387 577 3572 606 3583
bird 0.7364962100982666 4011 754 4021 766
bird 0.73451167345047 4277 599 4302 621
bird 0.7337369918823242 167 1055 184 1073
bird 0.7300936579704285 920 584 933 602
bird 0.726104736328125 2572 1841 2587 1852
bird 0.7257421612739563 2470 1840 2488 1848
bird 0.7245394587516785 4971 1106 4990 1122
bird 0.7234985828399658 2867 898 2879 913
bird 0.7121413946151733 610 2598 646 2630
bird 0.7114815711975098 2859 940 2887 971
bird 0.7089129686355591 4889 1000 4914 1014
bird 0.6974356770515442 153 1079 167 1094
bird 0.6908387541770935 2807 155 2827 171
bird 0.6902167201042175 4095 2195 4111 2214
bird 0.6873050928115845 2522 810 2543 826
bird 0.6823667883872986 3893 353 3916 375
bird 0.6812010407447815 3681 350 3698 367
bird 0.6782577633857727 644 1556 669 1570
bird 0.6751497983932495 3004 939 3021 955
bird 0.6624046564102173 794 3199 811 3217
bird 0.6565946936607361 2700 1089 2712 1104
bird 0.6544286608695984 4476 2805 4507 2835
bird 0.6525903940200806 4700 921 4718 926
bird 0.64044588804245 4332 3279 4357 3303
bird 0.6349895596504211 4140 2552 4161 2571
bird 0.6286486983299255 25 2321 45 2345
bird 0.6272328495979309 3127 1056 3139 1078
bird 0.6184457540512085 5105 1770 5119 1787
bird 0.6167657375335693 2537 758 2553 776
bird 0.610936164855957 4093 3330 4105 3345
bird 0.6068086624145508 4222 3185 4247 3209
bird 0.5952337384223938 4068 1883 4083 1891
bird 0.590471088886261 255 2342 275 2351
bird 0.5903623700141907 4182 2452 4202 2473
bird 0.5876843929290771 4936 3007 4948 3022
bird 0.5870730876922607 2457 1974 2467 1988
bird 0.580024003982544 4750 2699 4764 2720
bird 0.5732225179672241 4998 3577 5021 3583
bird 0.569023609161377 2920 1020 2937 1037
bird 0.5636900663375854 5008 2913 5024 2928
bird 0.5622388124465942 4875 1258 4892 1278
bird 0.5587802529335022 4944 3393 4954 3407
bird 0.5575413107872009 2448 1921 2462 1938
bird 0.5490981340408325 460 2514 468 2531
bird 0.5470606088638306 4541 3114 4564 3132
bird 0.5459943413734436 2918 114 2931 128
bird 0.5415063500404358 4458 3425 4482 3453
bird 0.5287580490112305 4855 2833 4873 2850
bird 0.5276782512664795 4153 1995 4178 2018
bird 0.5269089341163635 3717 751 3729 775
bird 0.519555926322937 5044 2885 5066 2905
bird 0.5190715193748474 127 3243 145 3261
bird 0.5185708403587341 4662 1283 4682 1305
bird 0.5173754096031189 2482 1940 2493 1953
bird 0.5115228295326233 5006 2930 5027 2946
bird 0.49527299404144287 4621 3049 4640 3067
bird 0.49141034483909607 3343 103 3360 119
bird 0.48872455954551697 701 1029 715 1043
bird 0.4800463318824768 2704 759 2722 780
bird 0.4781208336353302 2531 502 2545 511
bird 0.4771450459957123 4997 812 5011 828
bird 0.4745062291622162 4073 251 4097 276
bird 0.4745050370693207 352 2590 373 2607
bird 0.47022745013237 4238 2864 4255 2879
bird 0.46296894550323486 1422 3442 1431 3460
bird 0.4595947861671448 4060 754 4071 768
bird 0.4552229940891266 4946 2752 4959 2766
bird 0.45394909381866455 5055 2817 5075 2840
bird 0.45340394973754883 4960 1568 4980 1585
bird 0.44419342279434204 4940 2979 4959 3001
bird 0.44239291548728943 2470 1475 2487 1493
bird 0.44172412157058716 1815 225 1848 262
bird 0.439180850982666 346 2606 365 2622
bird 0.43682780861854553 4634 3073 4674 3101
bird 0.43592947721481323 4844 2684 4860 2699
bird 0.4358973801136017 4140 2506 4156 2526
bird 0.4265914261341095 4457 500 4479 511
bird 0.41907939314842224 4171 2305 4184 2318
bird 0.41709578037261963 5025 2905 5046 2923
bird 0.41705241799354553 2458 2002 2468 2016
bird 0.4115063548088074 4174 2774 4190 2792
bird 0.4027503728866577 560 505 576 512
bird 0.40062007308006287 4903 1106 4918 1119
bird 0.40060609579086304 149 1102 177 1120
bird 0.390438973903656 4994 1060 5011 1070
bird 0.38875269889831543 2982 985 2995 999
bird 0.37597182393074036 4090 1879 4112 1891
bird 0.37564215064048767 2613 1783 2623 1798
bird 0.37364333868026733 4015 1017 4048 1056
bird 0.36912617087364197 2567 1804 2578 1817
bird 0.3653562068939209 2474 1960 2495 1973
bird 0.36482444405555725 2650 936 2667 956
bird 0.3508496582508087 4788 3103 4802 3127
bird 0.34902438521385193 4335 788 4353 806
bird 0.3383122980594635 4206 2178 4225 2197
bird 0.3253256678581238 4154 1405 4191 1431
bird 0.3168983459472656 2761 1765 2781 1781
bird 0.3155940771102905 4069 411 4090 431
bird 0.30278900265693665 4175 1481 4191 1501
bird 0.3002540171146393 4747 689 4758 708
