bird 0.9985431432723999 2451 1805 2477 1831
bird 0.99826979637146 3320 2929 3345 2951
bird 0.9979378581047058 4698 2617 4723 2641
bird 0.9964587092399597 3309 2891 3330 2909
bird 0.9961932897567749 4123 2302 4145 2324
bird 0.9960477948188782 2562 1783 2587 1811
bird 0.9946326017379761 2510 1784 2535 1811
bird 0.9943351149559021 3496 543 3512 563
bird 0.9938287138938904 4167 2096 4188 2112
bird 0.9937942028045654 2512 1842 2540 1872
bird 0.993507981300354 2455 1754 2479 1780
bird 0.9919301867485046 4406 2019 4421 2031
bird 0.9907742142677307 5082 768 5104 793
bird 0.9907251000404358 4169 1983 4191 1997
bird 0.9904564023017883 4633 2991 4651 3007
bird 0.9879405498504639 3444 1234 3481 1263
bird 0.9846909642219543 4609 2810 4628 2826
bird 0.9836307764053345 2589 1686 2601 1705
bird 0.9810125827789307 2486 1677 2503 1691
bird 0.9797694683074951 2590 1591 2605 1604
bird 0.978360652923584 2563 1847 2593 1868
bird 0.9780791401863098 3494 360 3517 389
bird 0.9778909683227539 2649 1755 2659 1773
bird 0.9730749726295471 4141 30 4154 45
bird 0.9703795313835144 2647 1683 2665 1696
bird 0.966677725315094 4392 2840 4419 2860
bird 0.9648772478103638 2485 1634 2499 1646
bird 0.959347128868103 3477 1258 3512 1291
bird 0.9582722783088684 1990 542 2020 578
bird 0.9567018747329712 2496 1618 2512 1633
bird 0.954132080078125 2549 1572 2562 1589
bird 0.9539830684661865 4655 2300 4671 2325
bird 0.9516286253929138 4381 2023 4396 2034
bird 0.9490164518356323 2473 1597 2493 1610
bird 0.9434029459953308 4173 1882 4194 1895
bird 0.9390796422958374 860 729 892 759
bird 0.9389333724975586 1451 3403 1491 3429
bird 0.9260373115539551 4207 3081 4227 3097
bird 0.9239568710327148 2439 1676 2450 1695
bird 0.9179794192314148 4666 3026 4690 3044
bird 0.9179185628890991 4666 2018 4681 2043
bird 0.9158049821853638 4629 2586 4651 2599
bird 0.9156386852264404 4408 2045 4421 2056
bird 0.9093857407569885 3814 1023 3828 1036
bird 0.9093694686889648 4972 2536 4985 2550
bird 0.9089827537536621 2449 1620 2460 1635
bird 0.9076032042503357 3628 838 3651 853
bird 0.9057624936103821 2569 1577 2583 1594
bird 0.8983281254768372 3963 2431 3980 2445
bird 0.896453857421875 2526 1569 2546 1582
bird 0.8962648510932922 4624 2617 4644 2634
bird 0.8914769291877747 4224 18 4243 41
bird 0.8885034322738647 2696 1669 2712 1681
bird 0.8884637951850891 4617 1881 4644 1892
bird 0.8867380023002625 4547 2985 4568 2999
bird 0.8867016434669495 2555 1558 2570 1569
bird 0.8853188753128052 5026 965 5054 972
bird 0.8824651837348938 4211 312 4237 337
bird 0.8813819885253906 65 923 87 947
bird 0.8777099251747131 4449 2957 4469 2974
bird 0.8776717782020569 3350 3203 3361 3216
bird 0.8756234049797058 2567 1599 2578 1619
bird 0.8753979206085205 2406 1616 2419 1635
bird 0.8738918304443359 2646 1649 2657 1662
bird 0.8736311197280884 5025 1077 5044 1092
bird 0.8705884218215942 4218 215 4240 240
bird 0.8563390374183655 3326 1571 3340 1584
bird 0.855241060256958 2540 1593 2557 1607
bird 0.8535886406898499 2597 1563 2606 1581
bird 0.8510408997535706 4162 2198 4182 2215
bird 0.8509221076965332 3680 2611 3689 2628
bird 0.8508297801017761 4806 2926 4821 2942
bird 0.8421008586883545 2618 1637 2632 1649
bird 0.8341823816299438 701 464 724 489
bird 0.8137353658676147 4130 40 4146 57
bird 0.8107966780662537 4327 3434 4349 3452
bird 0.8007333278656006 2575 1557 2595 1567
bird 0.8005452752113342 2465 1639 2482 1654
bird 0.7919683456420898 1369 519 1400 548
bird 0.7902901768684387 2988 3446 3001 3472
bird 0.7898812294006348 4578 295 4596 316
bird 0.7827181220054626 4375 2006 4387 2019
bird 0.7757309079170227 3465 1138 3483 1157
bird 0.7731652855873108 2481 1651 2490 1670
bird 0.7386817932128906 4040 599 4060 613
bird 0.7352363467216492 4996 1145 5016 1162
bird 0.727868914604187 2570 1546 2580 1563
bird 0.7189189791679382 2462 1622 2476 1635
bird 0.7171628475189209 1513 37 1528 55
bird 0.7137017846107483 4925 3237 4940 3253
bird 0.7135201096534729 3523 1106 3558 1139
bird 0.7068842053413391 3046 3354 3065 3378
bird 0.7002651691436768 5056 3141 5082 3174
bird 0.689181387424469 4663 3295 4680 3312
bird 0.6882005929946899 3361 2913 3377 2933
bird 0.6838282942771912 3778 1038 3798 1054
bird 0.6794648766517639 2439 1638 2455 1646
bird 0.6760880351066589 702 715 727 734
bird 0.6743682622909546 3432 3083 3451 3101
bird 0.6653022170066833 4374 3246 4391 3267
bird 0.6636048555374146 4432 389 4444 405
bird 0.6627865433692932 4704 3043 4720 3056
bird 0.6562720537185669 4628 2599 4647 2611
bird 0.655787467956543 4973 2498 4989 2529
bird 0.6529415845870972 4407 2058 4418 2070
bird 0.6511993408203125 4223 111 4245 139
bird 0.6495616436004639 694 965 710 971
bird 0.6444894671440125 5103 1260 5119 1276
bird 0.6437539458274841 2453 1657 2468 1668
bird 0.6386319398880005 4228 3091 4244 3108
bird 0.6300472617149353 462 3489 485 3505
bird 0.6052159667015076 5026 2539 5039 2552
bird 0.5912041664123535 2796 1730 2814 1746
bird 0.5898669958114624 4399 1194 4420 1211
bird 0.5882809162139893 4903 2345 4932 2351
bird 0.5877580642700195 4104 832 4125 847
bird 0.5802085995674133 1338 2848 1367 2878
bird 0.5741989016532898 3124 2915 3138 2929
bird 0.572806179523468 3592 2677 3608 2694
bird 0.5721228122711182 379 1649 392 1661
bird 0.5693334341049194 3504 1761 3519 1776
bird 0.5675170421600342 1261 2928 1293 2958
bird 0.5616536140441895 3230 1194 3245 1211
bird 0.5606669187545776 4432 2697 4445 2711
bird 0.5413367748260498 4882 2524 4905 2536
bird 0.5387042164802551 4433 407 4443 426
bird 0.5327951312065125 4635 0 4651 16
bird 0.528263509273529 3526 2927 3548 2944
bird 0.5236219167709351 102 3409 135 3433
bird 0.5217981338500977 4140 2303 4144 2324
bird 0.5208374261856079 4454 212 4469 224
bird 0.5125237107276917 5079 1131 5103 1148
bird 0.5020932555198669 210 1585 239 1616
bird 0.5016412734985352 4682 3300 4702 3318
bird 0.49936240911483765 4425 2032 4437 2042
bird 0.4829527735710144 4607 748 4628 765
bird 0.48266610503196716 279 1624 301 1642
bird 0.4806062877178192 3294 40 3325 72
bird 0.4709673523902893 618 519 662 546
bird 0.4670097529888153 4592 1660 4618 1678
bird 0.4585956633090973 2686 1631 2699 1640
bird 0.4577673077583313 4657 287 4678 308
bird 0.45626065135002136 745 654 782 688
bird 0.4554847478866577 1552 0 1633 34
bird 0.4545549750328064 4630 1704 4649 1718
bird 0.45438170433044434 2891 3053 2914 3071
bird 0.4259580969810486 4716 3577 4735 3583
bird 0.42451196908950806 4146 1121 4167 1137
bird 0.4221590459346771 4865 541 4892 563
bird 0.4211553633213043 3220 3341 3228 3366
bird 0.41137444972991943 3365 3009 3383 3024
bird 0.41007938981056213 3632 660 3657 679
bird 0.4095374047756195 3560 1150 3580 1166
bird 0.40628114342689514 228 1688 245 1710
bird 0.4052642285823822 4165 568 4185 584
bird 0.404643177986145 3802 1022 3812 1035
bird 0.38506874442100525 4802 457 4817 475
bird 0.3848138153553009 3226 860 3246 877
bird 0.3844023644924164 230 3543 246 3564
bird 0.38333773612976074 4284 3574 4300 3584
bird 0.38020357489585876 3549 1426 3567 1431
bird 0.3720587193965912 3221 3382 3253 3421
bird 0.3674606680870056 4064 1692 4075 1708
bird 0.36604034900665283 4381 1999 4406 2017
bird 0.3644290566444397 2453 1642 2464 1656
bird 0.36409851908683777 3781 2770 3793 2783
bird 0.354198694229126 706 213 731 229
bird 0.3494153320789337 3016 3050 3033 3066
bird 0.34845808148384094 4728 2955 4747 2971
bird 0.34729477763175964 3151 3337 3169 3356
bird 0.34285324811935425 3997 1170 4016 1184
bird 0.33774033188819885 4783 2035 4801 2064
bird 0.33660033345222473 4608 2119 4633 2137
bird 0.3347436487674713 4794 1726 4809 1755
bird 0.3308020234107971 3041 1203 3057 1221
bird 0.33014240860939026 3718 690 3731 702
bird 0.3186873197555542 3518 1239 3537 1255
bird 0.30831557512283325 4299 3264 4319 3271
bird 0.30701249837875366 4399 350 4414 362
bird 0.3026212751865387 3220 3454 3227 3486
