bird 0.9990259408950806 3569 1949 3602 1982
bird 0.9984846711158752 2091 2784 2114 2806
bird 0.998141884803772 3058 3099 3080 3120
bird 0.9968845248222351 2541 1430 2563 1462
bird 0.9967233538627625 3353 2957 3369 2980
bird 0.9961318969726562 4180 1603 4201 1620
bird 0.9958692193031311 1086 2805 1108 2829
bird 0.9954521059989929 3560 1990 3591 2019
bird 0.9935011267662048 2540 1511 2574 1532
bird 0.9931748509407043 2582 1412 2614 1430
bird 0.9918022751808167 2721 1479 2738 1495
bird 0.9914427399635315 5089 1876 5110 1892
bird 0.9911395907402039 2115 2753 2138 2775
bird 0.9901397824287415 2697 1572 2714 1583
bird 0.9897201657295227 2586 1476 2621 1494
bird 0.9887886643409729 3257 3018 3272 3040
bird 0.9875077605247498 5028 3376 5053 3401
bird 0.986247718334198 4328 1499 4354 1525
bird 0.9853755831718445 1144 2768 1169 2791
bird 0.9851889610290527 4847 3036 4871 3059
bird 0.98457932472229 430 2355 456 2380
bird 0.9817538857460022 3439 2905 3454 2925
bird 0.9809321165084839 2129 2805 2144 2825
bird 0.9794694185256958 1583 2791 1604 2807
bird 0.9776791334152222 2623 1512 2642 1542
bird 0.9730658531188965 2646 1350 2664 1363
bird 0.968424916267395 2829 1417 2842 1431
bird 0.964417576789856 4710 3263 4730 3284
bird 0.964122474193573 3340 330 3372 363
bird 0.9634765982627869 2677 1290 2696 1303
bird 0.9629017114639282 2797 1383 2809 1398
bird 0.9529601335525513 4948 1850 4974 1869
bird 0.9518417716026306 671 3260 698 3271
bird 0.9490203261375427 2570 1552 2598 1575
bird 0.9486732482910156 4759 2073 4786 2091
bird 0.9417989253997803 678 3449 705 3484
bird 0.9379676580429077 4832 3297 4846 3308
bird 0.9377285242080688 2766 3385 2781 3416
bird 0.9333478212356567 4857 3409 4870 3421
bird 0.9332543611526489 3509 3428 3534 3452
bird 0.9290992021560669 4454 432 4478 458
bird 0.92905193567276 4842 2024 4869 2042
bird 0.9283744692802429 2783 1411 2798 1428
bird 0.9246375560760498 5040 819 5052 830
bird 0.9219266772270203 1730 2843 1746 2860
bird 0.9216898679733276 2713 1364 2727 1376
bird 0.9210726022720337 4719 3428 4732 3441
bird 0.9164876937866211 4929 1973 4962 1989
bird 0.9142193794250488 3715 1935 3731 1970
bird 0.9130117893218994 632 1488 663 1523
bird 0.9114168882369995 200 2788 215 2801
bird 0.9024288654327393 4976 2357 4996 2373
bird 0.898232638835907 2828 1389 2845 1398
bird 0.8969812393188477 4827 3424 4840 3439
bird 0.8949230909347534 3472 1798 3490 1813
bird 0.8851739168167114 4709 3473 4727 3489
bird 0.8835631012916565 2731 1366 2741 1383
bird 0.8826704621315002 1022 3264 1041 3272
bird 0.8826053738594055 4811 3269 4831 3287
bird 0.8763148188591003 3557 3538 3580 3561
bird 0.8755017518997192 354 3471 376 3491
bird 0.8733540177345276 1028 1083 1058 1113
bird 0.8696829080581665 153 2332 181 2359
bird 0.8655864596366882 240 2791 257 2807
bird 0.8636105060577393 1698 2856 1710 2872
bird 0.8635739684104919 4521 436 4533 445
bird 0.8549266457557678 3336 3310 3352 3330
bird 0.8540262579917908 4629 1191 4648 1210
bird 0.8526870608329773 985 2822 1011 2846
bird 0.844373881816864 161 2789 174 2804
bird 0.8437122106552124 245 1512 278 1545
bird 0.8428182601928711 1471 2796 1491 2815
bird 0.8424098491668701 2789 3247 2812 3269
bird 0.8410097360610962 4388 2079 4409 2095
bird 0.8389039039611816 4659 3224 4693 3258
bird 0.8376315832138062 2689 1369 2704 1385
bird 0.8375563025474548 917 1061 947 1093
bird 0.8290775418281555 3810 3381 3834 3401
bird 0.8287559151649475 3668 1913 3685 1930
bird 0.8233197927474976 4279 1919 4306 1939
bird 0.822411835193634 358 2824 381 2856
bird 0.8169330954551697 2788 1506 2801 1521
bird 0.81544029712677 2737 1335 2754 1351
bird 0.8064091205596924 2028 2959 2044 2975
bird 0.8026273250579834 2804 1401 2815 1420
bird 0.7969903349876404 4656 3268 4671 3284
bird 0.7968419194221497 1374 3204 1391 3226
bird 0.7967451810836792 2702 1326 2713 1339
bird 0.7947955131530762 292 3301 312 3329
bird 0.7890379428863525 3262 2212 3278 2231
bird 0.786077082157135 3586 3383 3610 3405
bird 0.7819483876228333 5013 866 5027 882
bird 0.7817508578300476 2239 2821 2255 2839
bird 0.7750142216682434 253 2812 266 2827
bird 0.7700437307357788 5108 3328 5120 3364
bird 0.7699595093727112 4217 2622 4231 2642
bird 0.7641471028327942 1682 2894 1719 2919
bird 0.7548911571502686 2678 1387 2687 1407
bird 0.7466573715209961 2657 1323 2673 1336
bird 0.7415903806686401 3839 3172 3854 3195
bird 0.7405285239219666 2869 3034 2882 3055
bird 0.7394700646400452 4457 3540 4491 3571
bird 0.7342838644981384 614 2326 638 2351
bird 0.6975764632225037 2763 1527 2775 1544
bird 0.6930880546569824 952 2546 966 2560
bird 0.6918189525604248 5013 1919 5038 1935
bird 0.6900520324707031 1055 3127 1079 3156
bird 0.6897240877151489 3439 3153 3449 3168
bird 0.6809688210487366 3455 3173 3465 3188
bird 0.6765186786651611 2560 2899 2570 2917
bird 0.6758926510810852 3523 2859 3536 2874
bird 0.6682832837104797 109 2818 122 2830
bird 0.6648339033126831 2055 2843 2071 2858
bird 0.6620506644248962 1062 3428 1091 3464
bird 0.6592312455177307 682 2300 714 2330
bird 0.6553237438201904 89 2505 126 2536
bird 0.6467263102531433 1322 3075 1348 3098
bird 0.6451483964920044 89 2832 103 2844
bird 0.6436806917190552 131 2804 144 2818
bird 0.641772449016571 2830 1400 2842 1414
bird 0.630707859992981 338 2996 352 3011
bird 0.6282608509063721 2458 2866 2470 2886
bird 0.6240200400352478 278 2808 293 2823
bird 0.6226800680160522 3233 2032 3250 2050
bird 0.6226143836975098 2973 3090 2983 3107
bird 0.6180322170257568 4567 3161 4586 3176
bird 0.6104193329811096 4860 2886 4871 2899
bird 0.6089618802070618 265 2175 293 2199
bird 0.6059156656265259 4598 2608 4612 2623
bird 0.5963119864463806 2818 1381 2827 1397
bird 0.5872522592544556 3895 3328 3922 3349
bird 0.5852353572845459 1290 3248 1311 3268
bird 0.5775248408317566 1383 3423 1398 3439
bird 0.5662158727645874 194 2862 206 2874
bird 0.5625969767570496 2017 2797 2036 2811
bird 0.5525572299957275 3792 1700 3808 1721
bird 0.5337442755699158 4181 3264 4191 3271
bird 0.5271971821784973 4600 2170 4606 2177
bird 0.5064504146575928 3474 3336 3494 3354
bird 0.4955592453479767 588 2336 608 2351
bird 0.49352771043777466 4354 0 4378 17
bird 0.4910031855106354 2808 1428 2816 1445
bird 0.48850199580192566 513 2373 540 2396
bird 0.48495006561279297 463 3496 500 3527
bird 0.4833747148513794 939 2547 956 2566
bird 0.47884809970855713 4833 2567 4845 2579
bird 0.47830086946487427 5105 2545 5112 2562
bird 0.46982887387275696 3988 3310 4004 3329
bird 0.46630948781967163 151 2280 186 2333
bird 0.45934364199638367 122 2832 133 2843
bird 0.4583088159561157 1953 2827 1971 2842
bird 0.4514421224594116 3482 2029 3495 2049
bird 0.45099109411239624 3726 1953 3754 1972
bird 0.4487209618091583 4135 2714 4159 2730
bird 0.44826939702033997 1042 3037 1062 3050
bird 0.4471476376056671 1770 2860 1788 2881
bird 0.44603556394577026 4516 3072 4531 3078
bird 0.4437797963619232 965 2533 971 2547
bird 0.44376546144485474 3385 2219 3405 2233
bird 0.44375085830688477 4608 2182 4621 2203
bird 0.4401734471321106 2678 1352 2689 1365
bird 0.4340876042842865 2694 1351 2706 1369
bird 0.43363460898399353 3868 1435 3880 1445
bird 0.43042492866516113 4491 2496 4508 2512
bird 0.4242829978466034 4540 1165 4574 1198
bird 0.42261266708374023 3499 2099 3516 2114
bird 0.418727308511734 1081 3111 1112 3141
bird 0.4176947772502899 3556 1885 3570 1900
bird 0.4155508279800415 2820 1483 2841 1496
bird 0.4140186011791229 4007 1878 4029 1898
bird 0.41215524077415466 1924 3013 1942 3030
bird 0.41164806485176086 2686 1340 2700 1353
bird 0.41147592663764954 1690 2786 1709 2801
bird 0.4089532494544983 1795 2786 1814 2801
bird 0.40512001514434814 2829 1531 2842 1544
bird 0.4013029634952545 1209 3353 1226 3371
bird 0.4011397957801819 4726 3406 4737 3420
bird 0.3978603780269623 2687 1329 2699 1341
bird 0.39337435364723206 3854 1738 3872 1757
bird 0.3904900848865509 2791 1364 2802 1379
bird 0.38931581377983093 4636 3374 4651 3392
bird 0.3877505958080292 2710 1337 2719 1353
bird 0.38302382826805115 338 2870 350 2885
bird 0.3778657019138336 4543 2345 4560 2351
bird 0.37511250376701355 3634 3489 3662 3513
bird 0.37276729941368103 4809 2279 4839 2309
bird 0.3716038465499878 1108 3513 1124 3531
bird 0.36305493116378784 5111 798 5120 830
bird 0.3620398938655853 2686 1380 2702 1383
bird 0.36069634556770325 1848 2955 1865 2966
bird 0.36010587215423584 555 2363 591 2411
bird 0.3594370484352112 5064 833 5082 848
bird 0.35883989930152893 460 3072 466 3082
bird 0.35475626587867737 1058 2838 1089 2859
bird 0.35446181893348694 3322 3285 3347 3301
bird 0.3526870012283325 4172 32 4190 56
bird 0.34654709696769714 4608 3520 4634 3548
bird 0.340592622756958 353 3297 371 3313
bird 0.33756357431411743 4001 2000 4014 2014
bird 0.33589446544647217 3170 3071 3199 3109
bird 0.33578187227249146 3696 3382 3715 3397
bird 0.3348483741283417 112 2847 123 2857
bird 0.3308740258216858 3264 2237 3278 2251
bird 0.32778415083885193 1412 2806 1431 2811
bird 0.3189857006072998 1660 2869 1677 2886
bird 0.31173405051231384 4479 424 4490 439
bird 0.311367005109787 4064 2654 4083 2675
