bird 0.9992724061012268 1983 3233 2006 3256
bird 0.9990273714065552 1396 3482 1421 3508
bird 0.9989423155784607 1975 2217 1998 2239
bird 0.996112048625946 3121 1158 3139 1192
bird 0.995258629322052 1642 1264 1666 1288
bird 0.9952325224876404 3937 1975 3957 1987
bird 0.9947890043258667 3194 1319 3217 1351
bird 0.9946523904800415 3185 1416 3214 1445
bird 0.9940045475959778 3958 2016 3979 2031
bird 0.9935851693153381 2200 3444 2217 3468
bird 0.9921092391014099 3962 1989 3982 2003
bird 0.9916940331459045 3380 1907 3400 1921
bird 0.991418719291687 3091 1324 3109 1356
bird 0.9903666973114014 4680 2638 4713 2672
bird 0.9895808696746826 2764 1709 2780 1727
bird 0.989304780960083 3991 1954 4012 1967
bird 0.9890401363372803 1344 546 1355 562
bird 0.9883432984352112 2112 3371 2129 3395
bird 0.987239420413971 2004 2203 2023 2223
bird 0.985052764415741 328 2170 349 2189
bird 0.9827219843864441 3157 1149 3175 1179
bird 0.9806052446365356 3945 1954 3961 1968
bird 0.9798224568367004 17 1572 33 1594
bird 0.9795516729354858 777 868 803 903
bird 0.9789952635765076 674 2445 692 2463
bird 0.9780787825584412 1867 508 1891 532
bird 0.9770224094390869 3748 3500 3762 3515
bird 0.9767802357673645 3256 667 3283 695
bird 0.9757605791091919 4364 2846 4380 2868
bird 0.9755101799964905 1381 393 1393 409
bird 0.9732974171638489 3586 2364 3603 2379
bird 0.9695767164230347 0 2153 13 2170
bird 0.9687308073043823 3818 3553 3842 3577
bird 0.9683485627174377 847 298 895 335
bird 0.9657050967216492 1867 505 1891 512
bird 0.9654063582420349 875 1598 896 1613
bird 0.9648472666740417 2729 1730 2747 1744
bird 0.964417576789856 2740 1756 2756 1770
bird 0.9643530249595642 1684 1288 1706 1306
bird 0.960440993309021 2740 1695 2755 1712
bird 0.9524092078208923 805 3510 823 3527
bird 0.9496473073959351 1304 299 1317 310
bird 0.9476523399353027 1804 1709 1822 1724
bird 0.9438778758049011 1644 1306 1661 1323
bird 0.9437755942344666 2354 3570 2366 3584
bird 0.941615641117096 1963 3218 1976 3241
bird 0.9390612840652466 3941 2011 3958 2023
bird 0.9332628846168518 1204 3393 1221 3407
bird 0.9314035773277283 1425 1803 1444 1819
bird 0.9312919974327087 1020 1415 1047 1431
bird 0.9285576939582825 2595 50 2627 82
bird 0.9259482622146606 1841 1810 1859 1824
bird 0.9247032999992371 2736 410 2771 445
bird 0.9235430359840393 3113 1439 3133 1470
bird 0.923455536365509 0 1349 11 1376
bird 0.9147186875343323 2729 1710 2748 1726
bird 0.9135085344314575 2783 2343 2800 2356
bird 0.9098061323165894 2279 3507 2293 3533
bird 0.9091492891311646 4269 3432 4290 3453
bird 0.9081960320472717 1833 1030 1854 1046
bird 0.9071146249771118 972 3239 988 3257
bird 0.9045631885528564 1388 432 1399 449
bird 0.9039071202278137 4203 3440 4217 3458
bird 0.9004026055335999 1925 917 1943 932
bird 0.8964287638664246 1071 3187 1091 3204
bird 0.894923746585846 4667 3408 4711 3444
bird 0.8901392221450806 858 1617 878 1633
bird 0.8857243061065674 3983 2002 3997 2013
bird 0.8734310269355774 1739 1864 1750 1885
bird 0.8709515333175659 1893 2434 1911 2452
bird 0.8682464361190796 919 3363 931 3379
bird 0.8655805587768555 934 3135 949 3149
bird 0.8650564551353455 1683 1407 1703 1428
bird 0.8640077710151672 1309 570 1322 589
bird 0.8509916663169861 3235 552 3267 586
bird 0.8495174646377563 920 257 931 307
bird 0.848609983921051 3468 3467 3482 3481
bird 0.844400942325592 4089 86 4108 102
bird 0.8438811898231506 889 269 930 314
bird 0.8416525721549988 90 3401 102 3416
bird 0.8393748998641968 1764 1607 1781 1619
bird 0.8391009569168091 1961 2235 1977 2250
bird 0.8388581275939941 1364 355 1378 368
bird 0.8349733948707581 288 2792 308 2807
bird 0.8337064385414124 1605 1095 1626 1110
bird 0.82842618227005 1866 619 1888 643
bird 0.8234804272651672 3709 3536 3729 3570
bird 0.8167756795883179 5049 2169 5092 2198
bird 0.8115455508232117 920 1564 952 1607
bird 0.8052904009819031 577 89 590 105
bird 0.802067220211029 3940 1991 3954 2002
bird 0.7985103130340576 3156 2945 3175 2960
bird 0.7980303764343262 951 1502 969 1520
bird 0.7973634600639343 1981 713 2003 735
bird 0.7937666177749634 2709 1735 2725 1755
bird 0.7931651473045349 1742 3072 1781 3078
bird 0.7845646739006042 1448 3422 1469 3443
bird 0.7820822596549988 4423 3575 4440 3583
bird 0.7775853872299194 1979 3005 1993 3022
bird 0.7745108008384705 1436 1658 1457 1679
bird 0.77388995885849 1579 1142 1600 1173
bird 0.7728192806243896 4100 3229 4138 3286
bird 0.7693961262702942 1000 1044 1021 1059
bird 0.7688544988632202 4381 2841 4410 2881
bird 0.7608702182769775 595 3419 614 3435
bird 0.7551489472389221 1542 1955 1556 1973
bird 0.7494319081306458 4762 2414 4808 2452
bird 0.7449881434440613 1724 1877 1747 1899
bird 0.7387619614601135 598 18 615 36
bird 0.738353967666626 4670 3471 4688 3487
bird 0.728394091129303 3210 2148 3224 2166
bird 0.7279291152954102 3979 2013 3995 2029
bird 0.7223814129829407 808 3231 826 3248
bird 0.7162491083145142 825 3196 842 3207
bird 0.7160295248031616 4673 2469 4683 2486
bird 0.710511326789856 4145 3172 4160 3190
bird 0.710010826587677 4686 2466 4725 2498
bird 0.7099790573120117 4410 2794 4425 2811
bird 0.7079650163650513 2801 2322 2811 2333
bird 0.6970599293708801 0 2797 29 2855
bird 0.6762368083000183 921 762 935 781
bird 0.674893319606781 873 1559 902 1581
bird 0.6702247262001038 2800 2304 2840 2335
bird 0.6670250296592712 1433 3399 1451 3417
bird 0.6665441989898682 1692 2030 1706 2050
bird 0.6660040020942688 3287 3425 3303 3440
bird 0.6656242609024048 652 191 669 207
bird 0.6646056771278381 574 1177 594 1194
bird 0.6612227559089661 847 1349 863 1367
bird 0.6605292558670044 3534 3535 3554 3553
bird 0.6604703664779663 4197 3422 4216 3438
bird 0.6499285697937012 3268 3482 3294 3519
bird 0.6444204449653625 607 0 625 15
bird 0.6389771103858948 0 2797 16 2812
bird 0.6332826018333435 1927 626 1947 646
bird 0.6219354271888733 1373 452 1386 463
bird 0.6087526679039001 3198 3357 3224 3385
bird 0.6082130074501038 332 1065 350 1079
bird 0.6064493060112 529 1220 548 1237
bird 0.6009252071380615 3144 3341 3156 3354
bird 0.598050594329834 223 2223 254 2244
bird 0.5976881384849548 3998 1983 4009 1996
bird 0.5913150310516357 3982 1989 3995 2000
bird 0.5823206901550293 1150 1525 1170 1543
bird 0.5782501101493835 86 1380 119 1411
bird 0.5758297443389893 106 3260 126 3271
bird 0.5733897089958191 3240 3448 3256 3466
bird 0.5727124214172363 3021 3183 3036 3202
bird 0.5694076418876648 593 1277 614 1292
bird 0.5682430863380432 1385 473 1398 490
bird 0.5676434636116028 1732 1840 1748 1847
bird 0.5650835633277893 3171 3364 3185 3376
bird 0.5613428950309753 50 1425 78 1431
bird 0.5603896379470825 836 2578 857 2602
bird 0.5584380030632019 2849 3220 2864 3234
bird 0.5582661628723145 785 1971 798 1984
bird 0.5524761080741882 1337 331 1354 343
bird 0.5473208427429199 4705 795 4733 808
bird 0.5453104376792908 1067 1716 1082 1733
bird 0.5351530909538269 1974 268 2004 299
bird 0.5341112017631531 1325 2802 1341 2820
bird 0.5283365845680237 1969 2423 1985 2438
bird 0.5255809426307678 363 741 383 763
bird 0.5090320110321045 3043 3145 3060 3164
bird 0.5088323354721069 3220 3361 3225 3385
bird 0.5049322843551636 5092 705 5110 722
bird 0.5049253106117249 1791 2080 1805 2096
bird 0.4999590814113617 432 1 448 20
bird 0.48058414459228516 1022 3032 1037 3045
bird 0.47495850920677185 1611 1203 1628 1213
bird 0.46839144825935364 1353 1628 1367 1645
bird 0.4683862626552582 1371 414 1383 428
bird 0.46783944964408875 3986 1979 3997 1990
bird 0.4644319415092468 1988 1651 2004 1672
bird 0.46300292015075684 135 1016 152 1031
bird 0.45969530940055847 752 469 768 482
bird 0.4588874876499176 4628 3578 4649 3583
bird 0.458379864692688 2042 760 2061 784
bird 0.45250093936920166 4668 3413 4683 3433
bird 0.4511013329029083 2006 2564 2023 2581
bird 0.44595351815223694 85 1656 110 1678
bird 0.4458836615085602 2813 483 2826 496
bird 0.4378461241722107 1026 1380 1040 1387
bird 0.434131383895874 1984 418 2006 442
bird 0.4333553612232208 1325 316 1336 328
bird 0.42687293887138367 4766 2488 4790 2505
bird 0.41757863759994507 1308 409 1317 422
bird 0.4085749387741089 1381 234 1399 256
bird 0.40146392583847046 2860 517 2909 561
bird 0.39990735054016113 1860 561 1885 587
bird 0.3998064696788788 132 1384 155 1409
bird 0.3973473012447357 1889 503 1902 516
bird 0.3949230909347534 264 3394 281 3409
bird 0.3915046453475952 106 460 121 464
bird 0.3871868848800659 1131 1458 1145 1471
bird 0.38382261991500854 1768 3088 1792 3100
bird 0.382708340883255 190 1386 224 1428
bird 0.38241076469421387 2943 3440 2959 3459
bird 0.3780596852302551 4950 759 4966 779
bird 0.37325572967529297 3025 3299 3046 3316
bird 0.37186771631240845 956 687 971 706
bird 0.36105719208717346 1876 1912 1891 1924
bird 0.3603077232837677 1236 2782 1247 2796
bird 0.36030328273773193 634 1599 653 1615
bird 0.3590282201766968 1749 3570 1775 3583
bird 0.35248056054115295 4391 141 4419 173
bird 0.3487248718738556 1370 515 1381 531
bird 0.34335729479789734 3110 3149 3124 3168
bird 0.34086698293685913 1040 1398 1052 1414
bird 0.33260035514831543 1766 1902 1778 1916
bird 0.32878488302230835 4187 3436 4205 3444
bird 0.32819971442222595 936 3346 947 3359
bird 0.32728925347328186 2724 1726 2735 1731
bird 0.3239423334598541 3055 3234 3074 3255
bird 0.3224089741706848 2756 1722 2769 1731
bird 0.321462482213974 4394 2777 4427 2811
bird 0.32027649879455566 862 505 888 512
bird 0.3172633945941925 3037 2897 3051 2911
bird 0.3130454123020172 636 83 651 95
bird 0.3040194511413574 2004 820 2023 834
bird 0.30258744955062866 738 703 754 721
bird 0.3016689121723175 3957 3565 3971 3578
bird 0.30073657631874084 969 1477 987 1493
