bird 0.9986280202865601 2687 1111 2712 1139
bird 0.9983500242233276 2840 1196 2869 1222
bird 0.9982715845108032 2976 3469 2999 3491
bird 0.9977549910545349 4600 2923 4632 2952
bird 0.9973996877670288 2374 2638 2397 2660
bird 0.9969371557235718 1549 2057 1571 2078
bird 0.9954036474227905 3830 1293 3844 1308
bird 0.995400607585907 2761 1261 2786 1289
bird 0.9953996539115906 4934 2922 4964 2947
bird 0.9951619505882263 4611 2838 4648 2864
bird 0.9942299127578735 908 262 932 287
bird 0.9939363598823547 2712 1078 2735 1109
bird 0.993513822555542 1784 2378 1814 2401
bird 0.9934862852096558 4758 2918 4780 2934
bird 0.9928942322731018 3856 1291 3874 1307
bird 0.9918925762176514 3165 3505 3180 3531
bird 0.9898132681846619 1572 1612 1594 1625
bird 0.9887027740478516 1843 2265 1861 2277
bird 0.9880180358886719 83 3400 98 3419
bird 0.9875836968421936 5056 131 5076 147
bird 0.9874936938285828 3862 1243 3879 1259
bird 0.9872586131095886 4575 2654 4593 2669
bird 0.9871741533279419 3821 1276 3839 1287
bird 0.9867920875549316 280 1520 310 1568
bird 0.9862840175628662 3281 3513 3295 3539
bird 0.9857914447784424 4829 1396 4862 1423
bird 0.9850885272026062 68 3556 86 3579
bird 0.9836320877075195 3383 3523 3394 3547
bird 0.9828577041625977 2887 1283 2924 1302
bird 0.9808765053749084 72 3007 87 3031
bird 0.9780592918395996 3873 1316 3889 1333
bird 0.9773039221763611 2389 2612 2408 2633
bird 0.9767961502075195 2717 1766 2736 1779
bird 0.9754098057746887 2689 1771 2707 1784
bird 0.9745312333106995 4634 2704 4651 2725
bird 0.974251925945282 5029 84 5056 113
bird 0.9739171862602234 403 3259 421 3279
bird 0.973650336265564 1592 2049 1615 2072
bird 0.9727776646614075 4666 2655 4693 2674
bird 0.9719173312187195 978 317 999 342
bird 0.9716980457305908 968 159 990 183
bird 0.9710220694541931 4724 1584 4760 1614
bird 0.97092604637146 4035 2840 4072 2883
bird 0.9707499742507935 862 387 881 410
bird 0.9688275456428528 1565 1753 1587 1769
bird 0.9683494567871094 1294 1310 1317 1334
bird 0.9657572507858276 3771 1821 3789 1833
bird 0.9631085395812988 4895 763 4926 796
bird 0.9595303535461426 3478 3529 3491 3556
bird 0.959388256072998 250 1580 290 1609
bird 0.9577856063842773 4568 2701 4581 2715
bird 0.9545993804931641 3601 3540 3615 3563
bird 0.9511377811431885 831 1506 843 1522
bird 0.9511318206787109 1414 1941 1438 1955
bird 0.9462347030639648 4650 3121 4661 3135
bird 0.9433614015579224 1003 3564 1023 3583
bird 0.9417674541473389 4640 2901 4651 2912
bird 0.941048264503479 4767 1163 4819 1197
bird 0.9400069713592529 311 1304 336 1321
bird 0.9379890561103821 621 2241 647 2269
bird 0.9376486539840698 4574 2761 4603 2788
bird 0.9354884028434753 859 1533 870 1549
bird 0.9351771473884583 1622 510 1654 545
bird 0.9338337182998657 4735 1248 4778 1277
bird 0.9318222999572754 4790 111 4822 146
bird 0.9284281134605408 4662 2894 4674 2910
bird 0.9271100759506226 4806 1092 4859 1121
bird 0.9247932434082031 1936 2327 1954 2341
bird 0.9230270981788635 2687 1820 2705 1829
bird 0.9201093316078186 4426 2805 4441 2825
bird 0.918300211429596 4706 229 4739 261
bird 0.9170265793800354 2689 1789 2706 1800
bird 0.9153707027435303 4787 2717 4801 2734
bird 0.9153339266777039 1570 2092 1589 2105
bird 0.912602961063385 5079 2260 5107 2279
bird 0.9112971425056458 4915 0 4935 18
bird 0.9073296189308167 4636 3249 4653 3267
bird 0.8922097682952881 4596 2818 4605 2832
bird 0.8889707326889038 4654 3043 4667 3054
bird 0.8832587599754333 2433 547 2462 579
bird 0.8819265961647034 4954 0 4977 27
bird 0.8809768557548523 4720 1269 4734 1284
bird 0.8783442378044128 4327 2790 4340 2804
bird 0.872057318687439 4573 2773 4585 2786
bird 0.8665977120399475 1501 1414 1526 1431
bird 0.865310549736023 3988 2878 3999 2890
bird 0.8621125817298889 2850 1337 2871 1375
bird 0.8565093278884888 4610 2596 4622 2605
bird 0.8535109758377075 2512 627 2541 659
bird 0.8533069491386414 1427 1406 1452 1425
bird 0.8501980900764465 2023 2388 2043 2401
bird 0.8498578071594238 411 1121 431 1147
bird 0.8483944535255432 4 1726 19 1744
bird 0.8444083333015442 4974 2646 5000 2659
bird 0.8401004672050476 615 2671 633 2688
bird 0.8378009796142578 4798 2743 4824 2762
bird 0.8372983336448669 973 44 1000 70
bird 0.8323945999145508 961 274 971 286
bird 0.8300648331642151 4806 1026 4819 1043
bird 0.8252915143966675 3766 2542 3782 2557
bird 0.8236352205276489 2115 2449 2131 2466
bird 0.8212505578994751 702 2679 717 2699
bird 0.8200918436050415 791 1483 807 1499
bird 0.8191803097724915 4999 2620 5013 2636
bird 0.8182790875434875 2056 2172 2071 2192
bird 0.8169824481010437 3842 1306 3852 1321
bird 0.8156352639198303 1090 2737 1120 2769
bird 0.8134222626686096 599 50 613 72
bird 0.812497615814209 889 1650 899 1668
bird 0.8112758994102478 4666 2781 4681 2792
bird 0.8063133358955383 5041 2233 5059 2247
bird 0.8030215501785278 891 3024 911 3043
bird 0.7997592687606812 1484 2028 1503 2043
bird 0.7978384494781494 4887 2761 4900 2775
bird 0.7933483719825745 4142 3503 4158 3520
bird 0.7928913235664368 836 1533 848 1542
bird 0.7903611063957214 1138 2757 1172 2771
bird 0.784166157245636 4792 694 4862 729
bird 0.7817519307136536 4182 2937 4208 2951
bird 0.7755220532417297 1114 2803 1132 2822
bird 0.7751663327217102 1405 1374 1426 1392
bird 0.770870566368103 3097 2220 3133 2250
bird 0.7636304497718811 1663 2150 1683 2167
bird 0.7593494653701782 4763 2120 4812 2152
bird 0.7554030418395996 2728 1818 2738 1835
bird 0.7523156404495239 1485 1944 1508 1956
bird 0.7483704686164856 892 1609 902 1626
bird 0.7476741075515747 125 1762 139 1780
bird 0.7441633343696594 1257 3141 1270 3154
bird 0.7422289252281189 493 1875 511 1891
bird 0.7301258444786072 3855 1321 3866 1338
bird 0.7287266850471497 953 390 981 418
bird 0.7212326526641846 2068 616 2085 631
bird 0.7159573435783386 1427 1412 1431 1423
bird 0.7088833451271057 1947 722 1976 759
bird 0.7070599794387817 505 2343 516 2351
bird 0.7052282691001892 2541 3496 2561 3531
bird 0.699720561504364 3342 1863 3352 1881
bird 0.6972429752349854 5016 2633 5053 2653
bird 0.6966598629951477 1575 1419 1601 1431
bird 0.6951429843902588 4963 2623 4984 2640
bird 0.6912848949432373 760 1478 775 1491
bird 0.6818796396255493 629 176 645 199
bird 0.6748353242874146 5015 2223 5041 2245
bird 0.6690755486488342 3988 3136 4001 3146
bird 0.6665064096450806 4692 1553 4707 1574
bird 0.6589749455451965 2696 1802 2718 1816
bird 0.6543272137641907 3797 2818 3813 2836
bird 0.6520494222640991 4016 2872 4035 2897
bird 0.6458086967468262 920 1420 931 1430
bird 0.6454811692237854 4546 3355 4560 3371
bird 0.6449663043022156 2099 3539 2111 3552
bird 0.6441406607627869 253 1580 264 1600
bird 0.6367641687393188 1116 2779 1135 2795
bird 0.6359080672264099 4357 3515 4369 3526
bird 0.630014955997467 169 523 184 545
bird 0.6269936561584473 206 2381 226 2400
bird 0.6220536231994629 1130 2541 1144 2560
bird 0.6174758076667786 4017 2774 4033 2796
bird 0.6163378357887268 4153 2861 4171 2875
bird 0.6144920587539673 4600 2775 4604 2786
bird 0.6035033464431763 5079 2454 5112 2484
bird 0.5974777936935425 16 1535 38 1561
bird 0.5947590470314026 4461 2656 4477 2671
bird 0.5932884216308594 1576 1485 1598 1498
bird 0.5899930000305176 1730 2654 1749 2669
bird 0.5785433650016785 4880 2777 4896 2789
bird 0.5764144062995911 4728 2650 4741 2663
bird 0.5685003995895386 3338 1565 3351 1583
bird 0.5677024126052856 1353 1410 1377 1421
bird 0.5656528472900391 3709 1 3730 28
bird 0.5653817057609558 716 2662 732 2673
bird 0.5483540296554565 1574 1549 1596 1561
bird 0.548002302646637 3884 1267 3894 1282
bird 0.5477529764175415 3885 3568 3904 3583
bird 0.5396053194999695 460 3189 474 3205
bird 0.5394616723060608 1357 2300 1373 2305
bird 0.5383459329605103 4574 2710 4598 2728
bird 0.534972071647644 2015 2507 2032 2522
bird 0.5342515707015991 878 1567 892 1582
bird 0.5251667499542236 3858 1307 3870 1319
bird 0.5220572352409363 865 2256 884 2266
bird 0.5168718695640564 1125 2593 1147 2615
bird 0.5129595398902893 226 3511 257 3564
bird 0.5059873461723328 71 1645 84 1658
bird 0.5049075484275818 2384 2861 2395 2876
bird 0.5045859813690186 333 3577 351 3583
bird 0.50260329246521 1061 830 1073 844
bird 0.5013971328735352 3607 2849 3620 2863
bird 0.49936455488204956 975 1076 992 1091
bird 0.4971930980682373 1440 2735 1452 2750
bird 0.49661046266555786 288 1563 305 1591
bird 0.49336832761764526 1144 2734 1172 2755
bird 0.48356083035469055 2434 2869 2448 2887
bird 0.4800134599208832 4796 1038 4831 1089
bird 0.47632530331611633 2690 1801 2704 1811
bird 0.4748624563217163 1914 2222 1926 2233
bird 0.4712251126766205 407 402 428 419
bird 0.46889740228652954 862 2890 882 2909
bird 0.46768423914909363 2375 2878 2386 2890
bird 0.463907927274704 1123 2623 1144 2644
bird 0.4616188406944275 1126 2567 1146 2588
bird 0.45759832859039307 4616 3033 4634 3048
bird 0.4573879539966583 629 29 651 47
bird 0.45675137639045715 1124 2649 1140 2673
bird 0.45086193084716797 617 2699 630 2711
bird 0.4491996467113495 3883 1290 3897 1308
bird 0.4474606215953827 3612 0 3632 23
bird 0.4468138813972473 200 210 215 228
bird 0.44436830282211304 948 2614 970 2637
bird 0.44347459077835083 2113 2522 2133 2560
bird 0.4414025545120239 155 1419 174 1432
bird 0.44016799330711365 4672 2992 4689 3015
bird 0.4397141933441162 364 1931 380 1951
bird 0.43901199102401733 1241 1051 1270 1081
bird 0.43504202365875244 392 3038 406 3074
bird 0.43396851420402527 828 1000 846 1017
bird 0.4313109517097473 3525 0 3539 15
bird 0.4280323088169098 738 1417 758 1431
bird 0.4209703207015991 1851 2802 1866 2811
bird 0.42073506116867065 712 2300 730 2310
bird 0.4165935814380646 2143 2639 2157 2654
bird 0.4158116579055786 1111 2721 1125 2734
bird 0.41291871666908264 4733 2677 4747 2688
bird 0.4089736342430115 4608 2728 4623 2740
bird 0.40701016783714294 2715 1781 2732 1789
bird 0.4036477506160736 252 769 273 786
bird 0.4027586281299591 3874 1282 3887 1294
bird 0.3987366855144501 328 3442 355 3493
bird 0.3984925448894501 851 1725 862 1743
bird 0.39728954434394836 630 2609 648 2626
bird 0.39084503054618835 1751 2207 1769 2220
bird 0.38994598388671875 3678 145 3723 183
bird 0.38838183879852295 1292 2663 1307 2683
bird 0.3866141736507416 1429 1994 1452 2023
bird 0.3826788365840912 2310 2942 2328 2964
bird 0.3815267086029053 856 987 872 1001
bird 0.36962950229644775 3872 1271 3882 1284
bird 0.3633039891719818 1539 2396 1554 2408
bird 0.3631807863712311 4651 3058 4671 3071
bird 0.3593559265136719 43 2360 59 2377
bird 0.3535313606262207 4634 26 4651 79
bird 0.35159921646118164 829 2331 847 2351
bird 0.3513369858264923 921 2872 933 2891
bird 0.34865623712539673 4600 3265 4606 3277
bird 0.34600913524627686 287 3169 303 3209
bird 0.34592849016189575 3590 2156 3608 2173
bird 0.33397427201271057 4569 3508 4587 3524
bird 0.33378860354423523 2839 3284 2851 3304
bird 0.3334861099720001 2954 3470 2964 3493
bird 0.3324059844017029 3107 2241 3127 2255
bird 0.32588139176368713 4948 0 4957 24
bird 0.3250422477722168 857 1557 870 1571
bird 0.3248390555381775 1525 2527 1538 2541
bird 0.319257527589798 4792 717 4808 732
bird 0.3189873993396759 4534 2939 4550 2959
bird 0.318713515996933 5015 2636 5028 2651
bird 0.31852176785469055 961 275 984 299
bird 0.31782853603363037 3744 2468 3756 2482
bird 0.3165726363658905 3986 3464 3996 3476
bird 0.31439945101737976 3108 2268 3120 2286
bird 0.31417518854141235 1122 2679 1137 2699
bird 0.3112871050834656 43 1472 68 1499
bird 0.31023848056793213 2266 2417 2284 2439
bird 0.3086276352405548 43 1270 61 1287
bird 0.3079734742641449 4918 2774 4929 2784
bird 0.3005531132221222 4059 2892 4074 2909
