bird 0.9991231560707092 2242 1404 2271 1423
bird 0.9983887672424316 3146 2668 3168 2689
bird 0.9983729124069214 2409 1345 2440 1370
bird 0.9982911944389343 4170 2796 4193 2819
bird 0.9978752136230469 2158 2874 2181 2897
bird 0.9970048069953918 4352 3419 4377 3442
bird 0.9965517520904541 431 2121 456 2145
bird 0.9957563281059265 4325 2688 4348 2709
bird 0.9940531849861145 4982 1111 5004 1127
bird 0.9938727617263794 2516 1440 2549 1463
bird 0.9932370781898499 4412 2611 4435 2630
bird 0.9928964972496033 2503 1363 2531 1389
bird 0.9927626252174377 2234 1365 2268 1385
bird 0.991804838180542 2401 1453 2436 1470
bird 0.9906983971595764 2781 2799 2804 2824
bird 0.9898574352264404 4432 1628 4475 1658
bird 0.9889681935310364 3138 2641 3156 2661
bird 0.9875664710998535 4814 1149 4845 1171
bird 0.986003577709198 4430 1588 4477 1618
bird 0.9848050475120544 4662 1066 4678 1082
bird 0.984789252281189 448 1482 475 1508
bird 0.9841968417167664 4647 2392 4671 2409
bird 0.982693076133728 3153 689 3162 710
bird 0.9797230362892151 3911 19 3941 51
bird 0.9787630438804626 3495 1090 3511 1106
bird 0.9784979224205017 60 1586 95 1618
bird 0.978427529335022 2617 2777 2635 2795
bird 0.9775460362434387 4787 1038 4814 1065
bird 0.9770318865776062 4798 227 4824 248
bird 0.9733400940895081 4609 1543 4621 1560
bird 0.9726898670196533 1442 2552 1467 2575
bird 0.9718382954597473 1090 1769 1123 1802
bird 0.9707023501396179 4857 750 4873 767
bird 0.9702026844024658 148 1518 164 1534
bird 0.9618527293205261 2186 2837 2204 2860
bird 0.9609283804893494 1270 3028 1288 3042
bird 0.9585323929786682 2782 1855 2795 1872
bird 0.9583900570869446 1417 3084 1430 3098
bird 0.9583833813667297 4845 1079 4865 1095
bird 0.9527533054351807 3139 633 3149 654
bird 0.9508898854255676 516 2109 541 2131
bird 0.9500699043273926 4557 2477 4580 2494
bird 0.9491892457008362 2738 1826 2755 1840
bird 0.9486408233642578 4590 1343 4606 1359
bird 0.9485809803009033 526 1488 558 1520
bird 0.9431728720664978 2200 2882 2214 2900
bird 0.9422594308853149 1951 2656 1967 2675
bird 0.9406436085700989 4758 950 4781 967
bird 0.9392775297164917 1310 3026 1328 3039
bird 0.9384567737579346 4483 2541 4509 2559
bird 0.9371196627616882 3131 685 3144 699
bird 0.934755265712738 2721 1850 2737 1862
bird 0.9346805214881897 3168 670 3182 688
bird 0.9340757131576538 2033 2922 2059 2943
bird 0.9269410371780396 1126 105 1143 121
bird 0.9266576170921326 3233 1438 3249 1452
bird 0.9255475997924805 4872 1116 4885 1136
bird 0.9242410659790039 2094 2902 2109 2921
bird 0.9161567687988281 4693 1106 4702 1122
bird 0.9050245881080627 4293 3358 4317 3380
bird 0.8945580124855042 2510 2803 2524 2821
bird 0.8896194696426392 3195 675 3210 694
bird 0.8890902996063232 488 2239 507 2263
bird 0.8871323466300964 5002 1293 5042 1316
bird 0.8870238661766052 4736 3025 4758 3047
bird 0.8822712898254395 4720 989 4754 1021
bird 0.8785142302513123 634 3441 675 3471
bird 0.87317955493927 4888 759 4909 774
bird 0.8730200529098511 4556 2802 4568 2817
bird 0.8672256469726562 1776 1201 1803 1228
bird 0.8657232522964478 392 2012 421 2026
bird 0.8583627343177795 4748 1152 4763 1166
bird 0.8578054308891296 4792 990 4812 1005
bird 0.8559399843215942 3652 3402 3670 3418
bird 0.8514912128448486 755 412 776 432
bird 0.851255476474762 2927 2935 2944 2952
bird 0.8485594987869263 711 3068 736 3085
bird 0.8469764590263367 4803 1202 4851 1231
bird 0.8405013084411621 1840 190 1853 211
bird 0.8359496593475342 4853 0 4864 11
bird 0.8298041224479675 1851 2553 1867 2572
bird 0.827423095703125 2586 2588 2604 2603
bird 0.8238930702209473 4842 1205 4855 1218
bird 0.8188002705574036 4263 1930 4275 1948
bird 0.8182961344718933 2761 1882 2778 1899
bird 0.8139574527740479 3168 693 3179 711
bird 0.8125823736190796 550 2175 579 2191
bird 0.8099318742752075 1606 2519 1626 2540
bird 0.8019775152206421 4349 1645 4370 1661
bird 0.7924089431762695 2755 1862 2768 1880
bird 0.7907199263572693 1985 2890 2001 2912
bird 0.7872097492218018 1408 21 1434 51
bird 0.7854043245315552 2759 1845 2777 1854
bird 0.7844863533973694 2910 2602 2928 2620
bird 0.7812315225601196 4716 167 4734 180
bird 0.7709184288978577 4941 2831 4967 2856
bird 0.768135130405426 1445 3208 1455 3225
bird 0.7672781944274902 791 240 812 255
bird 0.764136791229248 1229 3038 1243 3055
bird 0.7615395784378052 1659 2465 1680 2488
bird 0.7597388625144958 2110 2921 2139 2938
bird 0.7578469514846802 3938 2779 3952 2790
bird 0.7540556192398071 1349 3034 1363 3047
bird 0.7525484561920166 4875 1140 4887 1150
bird 0.7453786730766296 4669 1281 4690 1300
bird 0.7402427792549133 4800 2965 4825 2986
bird 0.7396883368492126 2425 3104 2447 3125
bird 0.7359452843666077 3831 2772 3844 2786
bird 0.7334948778152466 4417 328 4432 347
bird 0.7178217172622681 126 1115 161 1156
bird 0.7177073359489441 1293 3041 1304 3051
bird 0.7163877487182617 33 1518 64 1543
bird 0.7109183669090271 785 3259 803 3272
bird 0.710801899433136 4926 673 4948 689
bird 0.7063884735107422 2400 3119 2412 3138
bird 0.7060055136680603 4831 2247 4843 2258
bird 0.7023410797119141 460 575 473 595
bird 0.7012863159179688 4924 1242 4942 1263
bird 0.6898553371429443 643 2063 662 2079
bird 0.689592719078064 2300 3570 2309 3583
bird 0.688992440700531 2483 3219 2497 3232
bird 0.6829441785812378 1380 3502 1393 3522
bird 0.6812986135482788 2308 3130 2320 3141
bird 0.6783705949783325 755 492 779 510
bird 0.6772812604904175 5085 2147 5106 2163
bird 0.6759448647499084 693 2557 709 2572
bird 0.6757999062538147 2229 3506 2248 3535
bird 0.672358512878418 4608 3088 4615 3098
bird 0.6638348698616028 1389 3054 1403 3068
bird 0.6630417704582214 4620 1614 4640 1628
bird 0.6614801287651062 2305 2855 2321 2874
bird 0.6581987738609314 1555 2572 1575 2590
bird 0.6565312743186951 3016 1238 3027 1255
bird 0.654934287071228 1206 3060 1218 3074
bird 0.6523476839065552 1842 3509 1852 3524
bird 0.6513364911079407 4267 3375 4287 3394
bird 0.6513121724128723 4600 3083 4612 3097
bird 0.648978590965271 4743 942 4765 957
bird 0.6419559717178345 1714 2411 1736 2435
bird 0.6306973099708557 4825 154 4870 188
bird 0.6303955912590027 3619 3494 3633 3507
bird 0.6272932291030884 4711 1113 4733 1136
bird 0.6186280250549316 460 874 469 897
bird 0.6165223121643066 87 178 102 203
bird 0.6122872829437256 2984 2843 3000 2858
bird 0.6119706034660339 5003 1879 5018 1891
bird 0.6073603630065918 4225 1661 4243 1676
bird 0.605669379234314 481 289 499 309
bird 0.6045586466789246 4980 508 4995 520
bird 0.6034648418426514 3817 59 3847 97
bird 0.6033660769462585 1435 3121 1450 3134
bird 0.6022721529006958 87 1166 101 1180
bird 0.600974977016449 519 822 537 837
bird 0.5993741750717163 1567 2515 1584 2533
bird 0.5916532874107361 4990 1621 5003 1636
bird 0.5855087041854858 5018 2190 5035 2207
bird 0.5798650979995728 775 223 795 249
bird 0.5792784690856934 1850 0 1875 10
bird 0.5720473527908325 1660 1199 1691 1232
bird 0.5679885149002075 4745 1134 4773 1166
bird 0.5548592805862427 5107 981 5120 1006
bird 0.5542477965354919 4796 1161 4814 1178
bird 0.5458789467811584 2085 2790 2110 2809
bird 0.5434963703155518 576 3431 594 3450
bird 0.5352838635444641 3400 1852 3416 1866
bird 0.5309642553329468 1186 3073 1199 3087
bird 0.5276228785514832 2357 3401 2376 3418
bird 0.527100145816803 1221 2411 1252 2441
bird 0.5266571640968323 4498 1863 4514 1880
bird 0.5201109647750854 2831 2734 2842 2749
bird 0.5175899267196655 1501 3569 1526 3583
bird 0.5120552778244019 2748 1838 2758 1851
bird 0.5107936263084412 4427 1424 4441 1439
bird 0.49887868762016296 2665 3261 2682 3271
bird 0.4972321093082428 4151 2820 4172 2836
bird 0.48945799469947815 277 3548 288 3565
bird 0.4869656562805176 4997 2691 5018 2711
bird 0.4810045659542084 924 299 944 317
bird 0.4809778332710266 4916 1275 4929 1287
bird 0.4805445373058319 3184 653 3200 669
bird 0.4802829623222351 782 2344 804 2351
bird 0.4785502851009369 2770 3446 2798 3461
bird 0.4769890010356903 1571 3569 1593 3583
bird 0.47291383147239685 4455 1283 4476 1300
bird 0.4712561070919037 3355 2786 3372 2803
bird 0.4706706404685974 859 2733 874 2748
bird 0.4592488706111908 2735 1860 2750 1879
bird 0.4586126506328583 5022 1333 5034 1347
bird 0.45750486850738525 2162 3207 2184 3234
bird 0.45491737127304077 4022 1585 4040 1604
bird 0.4536946415901184 4587 1536 4620 1565
bird 0.4508449137210846 1200 3086 1212 3097
bird 0.4433782994747162 2744 1869 2755 1883
bird 0.44146662950515747 5076 1884 5098 1890
bird 0.44082388281822205 2610 3332 2627 3347
bird 0.43990010023117065 2249 1380 2268 1386
bird 0.4338400065898895 3189 695 3199 710
bird 0.43342798948287964 2792 2775 2809 2786
bird 0.4263826012611389 4640 1004 4651 1017
bird 0.4258498251438141 4865 2200 4886 2213
bird 0.4178057610988617 4706 2337 4727 2351
bird 0.4174119532108307 1327 3042 1338 3052
bird 0.4163427948951721 2783 2796 2800 2807
bird 0.41331714391708374 1496 2564 1526 2587
bird 0.4113389253616333 3053 2745 3069 2760
bird 0.4082823693752289 3954 1554 3971 1569
bird 0.4068959653377533 3268 2681 3289 2701
bird 0.40425387024879456 4368 1559 4387 1582
bird 0.39915284514427185 4749 1135 4771 1144
bird 0.38945460319519043 4924 846 4936 858
bird 0.38845592737197876 742 980 765 1002
bird 0.38609009981155396 700 2093 721 2109
bird 0.3836649954319 460 609 478 641
bird 0.381756991147995 5086 2181 5101 2196
bird 0.3779827952384949 4948 194 4966 212
bird 0.3698870837688446 1761 2464 1779 2479
bird 0.3695752024650574 4895 1831 4906 1842
bird 0.36929839849472046 4677 2076 4689 2087
bird 0.3685714900493622 4527 1515 4543 1535
bird 0.36728060245513916 4785 2249 4797 2261
bird 0.3656500577926636 5007 1904 5018 1918
bird 0.36318084597587585 2952 2760 2974 2771
bird 0.36298638582229614 472 2093 501 2107
bird 0.34705910086631775 4433 334 4459 353
bird 0.3467576205730438 4539 2767 4562 2783
bird 0.33784055709838867 2832 3074 2851 3090
bird 0.3323032855987549 3160 652 3172 662
bird 0.3321584165096283 4536 2785 4547 2801
bird 0.33215242624282837 77 2167 95 2188
bird 0.3303312063217163 405 1387 428 1415
bird 0.3288200795650482 1439 3506 1461 3530
bird 0.3276160955429077 248 332 266 351
bird 0.32290562987327576 3220 3175 3228 3192
bird 0.3216295838356018 1995 2704 2011 2719
bird 0.31176522374153137 2195 3196 2207 3211
bird 0.311167448759079 4482 1609 4502 1622
bird 0.3063516318798065 4949 1448 4969 1461
bird 0.3037269711494446 4651 2168 4664 2181
