bird 0.9966613054275513 2126 1852 2166 1877
bird 0.9921029210090637 2650 2341 2682 2371
bird 0.9879961609840393 3267 1491 3304 1514
bird 0.9874327778816223 3477 1241 3512 1265
bird 0.9843713641166687 2751 2367 2791 2388
bird 0.9836355447769165 3086 2416 3111 2454
bird 0.9835060238838196 2115 1815 2153 1839
bird 0.9828108549118042 3222 2040 3255 2066
bird 0.9816030859947205 2943 2412 2969 2444
bird 0.9804270267486572 2674 2129 2695 2167
bird 0.9803558588027954 3535 1430 3567 1460
bird 0.9768110513687134 2711 2284 2732 2325
bird 0.9741538166999817 3140 2097 3174 2126
bird 0.9705120325088501 2614 2153 2646 2182
bird 0.963212251663208 3809 1040 3843 1065
bird 0.960418701171875 2875 2248 2896 2287
bird 0.9581766724586487 3718 1389 3758 1410
bird 0.9570436477661133 2669 2198 2693 2231
bird 0.9539570808410645 2673 2433 2697 2467
bird 0.9524030685424805 2768 2452 2804 2474
bird 0.8858608603477478 2935 2785 2946 2800
bird 0.8844435214996338 2762 2010 2796 2031
bird 0.8834853768348694 3445 2475 3455 2490
bird 0.874402642250061 3617 692 3639 726
bird 0.8736838102340698 3416 2444 3430 2459
bird 0.8565273880958557 2115 1838 2140 1865
bird 0.8160918354988098 3461 2455 3474 2470
bird 0.8150179386138916 2104 1855 2135 1876
bird 0.799208402633667 3936 568 3952 584
bird 0.7976310849189758 3639 2313 3656 2329
bird 0.7913104891777039 2914 2765 2932 2775
bird 0.7905876636505127 2186 1217 2202 1233
bird 0.7757782936096191 2960 2727 2974 2741
bird 0.7670691609382629 3358 867 3374 882
bird 0.7579033970832825 3430 2467 3442 2480
bird 0.7449564337730408 3856 1223 3866 1239
bird 0.7428607940673828 2971 2749 2987 2760
bird 0.7143778800964355 2812 1337 2823 1347
bird 0.7014398574829102 2954 2770 2970 2782
bird 0.700308084487915 2819 1337 2831 1347
bird 0.6943456530570984 2812 1353 2823 1364
bird 0.6914383172988892 2791 1323 2805 1338
bird 0.6628062129020691 3591 694 3608 714
bird 0.6584588885307312 2975 2759 2989 2774
bird 0.6516383290290833 4578 2771 4597 2789
bird 0.6509953737258911 3400 2295 3418 2311
bird 0.6431995034217834 2944 2726 2958 2741
bird 0.6305147409439087 2932 2727 2950 2739
bird 0.6296149492263794 2804 1337 2814 1347
bird 0.6284457445144653 3454 2426 3468 2438
bird 0.6258817315101624 2795 1353 2807 1363
bird 0.6160253286361694 4623 2761 4638 2775
bird 0.6031047701835632 2940 2739 2953 2752
bird 0.5949096083641052 2796 1337 2807 1347
bird 0.5886250138282776 2922 2733 2934 2745
bird 0.5829775333404541 3489 2283 3506 2293
bird 0.5786423087120056 2961 2759 2974 2773
bird 0.5773138403892517 2812 1330 2823 1341
bird 0.5731189846992493 2948 2764 2962 2777
bird 0.5678344368934631 2927 2759 2941 2773
bird 0.5581917762756348 2804 1313 2815 1326
bird 0.5558314919471741 2971 2771 2986 2782
bird 0.5383599400520325 5089 2545 5119 2570
bird 0.5269545912742615 2804 1353 2815 1364
bird 0.5211307406425476 2788 1336 2800 1346
bird 0.5119465589523315 2927 2775 2942 2790
bird 0.5062934160232544 3446 2451 3456 2465
bird 0.5052014589309692 3463 2445 3477 2461
bird 0.4924055337905884 3564 2299 3579 2309
bird 0.48101991415023804 3432 2455 3446 2469
bird 0.44780129194259644 3422 2436 3434 2448
bird 0.44478166103363037 3450 2455 3463 2469
bird 0.4324679374694824 5039 808 5078 830
bird 0.43178772926330566 2960 2742 2974 2757
bird 0.422829270362854 2782 1328 2793 1341
bird 0.416443407535553 2812 1346 2822 1355
bird 0.40843597054481506 3462 2430 3477 2446
bird 0.4081789553165436 2919 2743 2933 2757
bird 0.3862482011318207 2683 2135 2694 2150
bird 0.383099228143692 3434 2477 3449 2492
bird 0.38069215416908264 2827 1353 2838 1364
bird 0.37158825993537903 4614 2762 4626 2775
bird 0.3672247529029846 4624 2771 4637 2783
bird 0.36236444115638733 5098 2569 5126 2600
bird 0.34832969307899475 2948 2746 2961 2759
bird 0.3459134101867676 2949 2775 2964 2789
bird 0.3451090157032013 4938 1971 4952 1981
bird 0.34444761276245117 3437 2469 3451 2479
bird 0.3420000374317169 3429 2442 3441 2455
bird 0.32465121150016785 2796 1346 2807 1356
bird 0.32213684916496277 2820 1346 2831 1355
bird 0.30556508898735046 2937 2719 2950 2731
bird 0.2971448302268982 2805 1345 2814 1355
bird 0.2790445387363434 3606 694 3616 708
bird 0.2700313627719879 3630 834 3644 844
bird 0.2657417356967926 2940 2762 2953 2776
bird 0.25725314021110535 2789 1345 2800 1355
bird 0.2558244466781616 2828 1344 2837 1357
bird 0.2520167827606201 3598 712 3610 722
bird 0.24764646589756012 2881 2883 2895 2894
bird 0.24684815108776093 2676 2451 2689 2463
bird 0.23539286851882935 5015 711 5037 732
bird 0.23270119726657867 2647 2145 2685 2169
bird 0.22954437136650085 2811 1322 2821 1332
bird 0.2260962277650833 4701 2011 4716 2020
bird 0.2251780927181244 1189 1129 1201 1140
bird 0.21708537638187408 4746 743 4757 755
bird 0.21486353874206543 5100 2548 5114 2559
bird 0.21360953152179718 2948 2755 2960 2768
bird 0.210963636636734 3767 3253 3777 3268
bird 0.2059391438961029 2853 2254 2886 2278
bird 0.2047799676656723 3607 710 3617 723
bird 0.20298628509044647 2094 716 2121 743
