bird 0.9908340573310852 2666 2042 2685 2081
bird 0.9805704951286316 2619 2005 2637 2046
bird 0.975267231464386 2560 2028 2579 2067
bird 0.9634783267974854 2640 1979 2679 1999
bird 0.9424589276313782 2701 2006 2720 2044
bird 0.926497757434845 2586 2076 2622 2096
bird 0.8644612431526184 2458 2001 2471 2015
bird 0.8468422889709473 2566 1797 2581 1812
bird 0.8280332088470459 2480 1922 2496 1934
bird 0.8013520240783691 2484 2005 2499 2021
bird 0.7932972311973572 2625 1851 2643 1860
bird 0.7885507941246033 2510 1859 2529 1870
bird 0.7824736833572388 2613 1784 2623 1800
bird 0.7560553550720215 2478 1813 2493 1828
bird 0.755934476852417 2518 1834 2537 1845
bird 0.7554013133049011 2595 1802 2607 1814
bird 0.7526078820228577 2462 1861 2477 1877
bird 0.7512692213058472 2496 1839 2510 1853
bird 0.733909010887146 2458 1954 2471 1966
bird 0.7327456474304199 2481 1977 2494 1990
bird 0.7315372824668884 2446 1956 2461 1971
bird 0.7244129180908203 2478 1957 2492 1971
bird 0.7238327264785767 2679 1894 2697 1912
bird 0.7195041179656982 2598 1827 2612 1842
bird 0.7140523195266724 2502 1813 2517 1828
bird 0.7080633640289307 2572 1841 2587 1852
bird 0.7042778134346008 2451 1921 2462 1937
bird 0.6834446787834167 2516 1970 2532 1980
bird 0.6830523014068604 2497 1961 2508 1973
bird 0.6766444444656372 2413 1989 2429 2006
bird 0.6751163005828857 2461 1972 2476 1986
bird 0.6487195491790771 1818 228 1846 256
bird 0.6419118046760559 2647 1799 2663 1815
bird 0.6396380066871643 2487 1873 2505 1883
bird 0.636346697807312 237 174 249 185
bird 0.6291270852088928 2482 1936 2495 1951
bird 0.5572425723075867 1364 3356 1390 3385
bird 0.5465932488441467 2482 1850 2494 1863
bird 0.5235269069671631 2598 1812 2613 1827
bird 0.5215008854866028 647 1628 665 1644
bird 0.5175982713699341 2490 1817 2502 1830
bird 0.5133774280548096 2587 1824 2600 1837
bird 0.5086042881011963 2477 1828 2492 1843
bird 0.5073294639587402 2002 3491 2013 3504
bird 0.5039967894554138 2486 1861 2501 1876
bird 0.49000170826911926 2567 1811 2581 1826
bird 0.4869062602519989 2477 1861 2491 1876
bird 0.48080408573150635 2494 1971 2508 1985
bird 0.47762465476989746 2874 959 2888 970
bird 0.4604092538356781 2475 1970 2486 1981
bird 0.44315701723098755 2579 1819 2592 1830
bird 0.43236905336380005 2592 1898 2606 1910
bird 0.4299706220626831 2316 1633 2327 1646
bird 0.4286329746246338 2812 959 2824 970
bird 0.42293399572372437 2510 1828 2524 1843
bird 0.4221680760383606 2859 959 2871 971
bird 0.42170602083206177 2864 570 2878 585
bird 0.42128607630729675 2775 496 2790 512
bird 0.41975292563438416 2518 1844 2532 1860
bird 0.4174361526966095 3606 1546 3620 1556
bird 0.41024646162986755 2869 950 2883 965
bird 0.391289621591568 2446 1971 2461 1986
bird 0.38464710116386414 2581 2046 2609 2075
bird 0.38357073068618774 2467 1962 2478 1972
bird 0.37895023822784424 2860 942 2871 954
bird 0.37481024861335754 2613 1795 2627 1810
bird 0.3672126829624176 2610 1810 2621 1821
bird 0.3657234013080597 3983 2140 3999 2156
bird 0.3651407063007355 2835 952 2847 964
bird 0.3626781702041626 2649 2051 2676 2077
bird 0.3590734004974365 2491 1956 2502 1966
bird 0.35490697622299194 2677 2051 2707 2083
bird 0.34771934151649475 2834 936 2846 948
bird 0.3458978533744812 4544 1914 4556 1927
bird 0.33646613359451294 2503 1861 2518 1876
bird 0.33623212575912476 2829 959 2841 970
bird 0.3280331790447235 2325 459 2350 481
bird 0.3228215277194977 2618 1991 2649 2021
bird 0.31824955344200134 2517 1813 2532 1829
bird 0.3123520314693451 4599 1287 4627 1313
bird 0.3085978627204895 2875 943 2887 954
bird 0.30502140522003174 3319 1673 3334 1689
bird 0.29177218675613403 2460 1925 2478 1938
bird 0.28110480308532715 2446 1938 2459 1957
bird 0.27838367223739624 2579 1801 2590 1814
bird 0.2760198712348938 2614 2053 2644 2083
bird 0.2756361663341522 2836 944 2847 955
bird 0.2732044458389282 2473 2005 2491 2018
bird 0.26910367608070374 2877 567 2888 579
bird 0.26443254947662354 2820 944 2831 954
bird 0.26412174105644226 2553 2052 2584 2083
bird 0.26371026039123535 2494 1828 2508 1842
bird 0.257780522108078 580 3570 598 3587
bird 0.25508177280426025 2455 1940 2467 1957
bird 0.253213495016098 2989 1261 3000 1276
bird 0.2531869113445282 2567 1829 2581 1844
bird 0.2494301050901413 2853 944 2864 955
bird 0.24906107783317566 2646 2020 2676 2050
bird 0.24406254291534424 3365 1874 3377 1886
bird 0.2433878630399704 2470 1844 2485 1859
bird 0.2426271289587021 2504 1970 2519 1984
bird 0.23675525188446045 2572 1824 2585 1835
bird 0.2348826378583908 100 1092 122 1116
bird 0.23364685475826263 2504 1958 2518 1972
bird 0.23268063366413116 2821 948 2836 963
bird 0.2292090207338333 2804 483 2815 496
bird 0.22751106321811676 2486 1990 2499 2007
bird 0.22023910284042358 2861 583 2871 595
bird 0.21796110272407532 3702 823 3715 834
bird 0.21746116876602173 1970 2051 1981 2063
bird 0.21743345260620117 2455 1988 2468 2002
bird 0.21514643728733063 904 2050 920 2065
bird 0.20717768371105194 2589 1811 2600 1821
bird 0.20643819868564606 1265 2821 1277 2832
bird 0.20458753407001495 2603 1803 2614 1814
bird 0.2030046433210373 2581 2025 2620 2048
bird 0.2011149674654007 2468 1834 2480 1847
