bird 0.9931151270866394 2507 1783 2537 1815
bird 0.9909666776657104 2510 1841 2541 1874
bird 0.9859857559204102 2456 1749 2481 1784
bird 0.9814125299453735 2559 1783 2586 1814
bird 0.973389208316803 2448 1803 2478 1834
bird 0.9333815574645996 2560 1846 2595 1870
bird 0.8547314405441284 2570 1577 2584 1592
bird 0.8545753359794617 2646 1610 2660 1626
bird 0.8490069508552551 2646 1683 2662 1699
bird 0.8378788232803345 2644 1646 2655 1661
bird 0.8203770518302917 2567 1548 2581 1563
bird 0.8130494356155396 2695 1669 2710 1685
bird 0.8013927340507507 2547 1575 2561 1588
bird 0.7901818752288818 2487 1677 2502 1692
bird 0.7815089225769043 2540 1592 2554 1605
bird 0.7782988548278809 2419 1658 2436 1668
bird 0.7700192928314209 2456 1643 2469 1657
bird 0.7657454609870911 2457 1657 2472 1668
bird 0.7444868087768555 2524 1569 2538 1580
bird 0.7414413690567017 2565 1601 2577 1616
bird 0.740689754486084 2647 1637 2661 1651
bird 0.7386481165885925 2595 1566 2607 1582
bird 0.7339686155319214 2476 1656 2488 1668
bird 0.7215628027915955 2467 1657 2479 1669
bird 0.7130919098854065 2484 1633 2496 1647
bird 0.7096421122550964 2662 1636 2676 1650
bird 0.697368860244751 4378 2019 4393 2034
bird 0.6954906582832336 2685 1631 2699 1643
bird 0.6922758221626282 2446 1627 2460 1642
bird 0.6852707862854004 2462 1637 2476 1651
bird 0.6803753972053528 2588 1592 2604 1604
bird 0.6782099008560181 2477 1595 2492 1611
bird 0.6744115948677063 2494 1627 2508 1642
bird 0.6664573550224304 2464 1624 2477 1637
bird 0.660588800907135 2590 1687 2600 1704
bird 0.6270912885665894 2446 1637 2460 1651
bird 0.6210042834281921 3492 1280 3506 1291
bird 0.5916510820388794 2455 1628 2468 1642
bird 0.5887360572814941 2619 1638 2631 1651
bird 0.5696829557418823 2468 1649 2479 1660
bird 0.5642818212509155 2651 1756 2661 1775
bird 0.5635623335838318 2566 1563 2581 1577
bird 0.560239851474762 2450 1618 2463 1630
bird 0.5588237047195435 2636 1624 2648 1636
bird 0.5517193675041199 2440 1678 2451 1695
bird 0.5514254570007324 2554 1559 2567 1572
bird 0.5374988317489624 3447 1242 3462 1259
bird 0.535267174243927 4377 2007 4391 2022
bird 0.5088479518890381 2540 1580 2555 1595
bird 0.47818008065223694 3768 447 3785 463
bird 0.4675453007221222 2445 1659 2460 1674
bird 0.4648721218109131 4408 2055 4418 2071
bird 0.4616827368736267 4782 2133 4798 2150
bird 0.45846378803253174 3478 1264 3489 1275
bird 0.453260213136673 4408 2046 4423 2061
bird 0.4432372450828552 4412 2037 4425 2052
bird 0.43897634744644165 3885 46 3896 58
bird 0.4383274018764496 4406 2019 4420 2030
bird 0.4381636381149292 2451 1651 2463 1663
bird 0.43326887488365173 2551 1595 2566 1611
bird 0.42655470967292786 2659 1626 2671 1637
bird 0.42329928278923035 3482 1268 3497 1283
bird 0.4216364920139313 4779 2037 4803 2067
bird 0.4169854521751404 1513 38 1525 51
bird 0.4157542884349823 3753 2545 3784 2570
bird 0.41311973333358765 3500 1262 3513 1274
bird 0.40963631868362427 2540 1565 2555 1580
bird 0.4081788659095764 2475 1649 2486 1661
bird 0.4054332375526428 2597 1579 2611 1595
bird 0.3971458375453949 4423 2034 4438 2044
bird 0.38643404841423035 3494 1268 3508 1284
bird 0.3846398890018463 2630 1636 2645 1650
bird 0.37216565012931824 3759 511 3771 523
bird 0.3683524429798126 2597 1594 2611 1610
bird 0.3605284094810486 3768 507 3783 522
bird 0.3593269884586334 2645 1598 2660 1614
bird 0.3562682867050171 3310 2889 3326 2905
bird 0.35398736596107483 2588 1561 2600 1573
bird 0.3487577736377716 2497 1619 2512 1630
bird 0.34490153193473816 2476 1634 2486 1645
bird 0.3414800763130188 3470 1238 3481 1251
bird 0.3401746451854706 2578 1553 2590 1566
bird 0.3349471092224121 2429 1659 2444 1674
bird 0.3287757635116577 2410 1616 2420 1632
bird 0.32304900884628296 2678 1635 2692 1650
bird 0.32151591777801514 2573 1557 2583 1571
bird 0.3204597234725952 1770 1657 1781 1669
bird 0.3174434304237366 4383 254 4394 267
bird 0.31123852729797363 4392 237 4404 249
bird 0.3095501959323883 2476 1641 2487 1652
bird 0.3042173683643341 2130 2877 2145 2886
bird 0.3004034757614136 2659 1618 2670 1628
bird 0.29819560050964355 2653 1632 2663 1644
bird 0.29387620091438293 3454 1255 3466 1265
bird 0.2910650670528412 2483 1648 2492 1663
bird 0.28733089566230774 2461 1651 2472 1661
bird 0.2858634889125824 3769 1500 3784 1514
bird 0.2790716886520386 4382 2003 4397 2012
bird 0.2594795227050781 3462 1256 3473 1266
bird 0.2514953911304474 2652 1625 2663 1636
bird 0.25135838985443115 2667 1646 2678 1658
bird 0.24740029871463776 4131 30 4157 54
bird 0.2468661367893219 2430 1676 2445 1691
bird 0.2454221099615097 1007 2284 1018 2297
bird 0.24304142594337463 1770 1633 1781 1645
bird 0.24047426879405975 3492 358 3521 387
bird 0.23817721009254456 2430 1637 2444 1651
bird 0.23670929670333862 4432 2193 4444 2207
bird 0.2308502346277237 3470 1256 3481 1267
bird 0.23041094839572906 4391 2021 4407 2034
bird 0.22815774381160736 3471 1271 3482 1283
bird 0.22724029421806335 3482 1280 3497 1295
bird 0.22698746621608734 2412 1626 2427 1641
bird 0.22618168592453003 2615 1628 2630 1644
bird 0.2201859951019287 3486 1258 3497 1270
bird 0.21923182904720306 3558 2042 3570 2053
bird 0.21599023044109344 2492 2011 2506 2021
bird 0.2106780856847763 3494 1259 3506 1270
bird 0.21046140789985657 4400 2041 4413 2053
bird 0.2057492583990097 2646 1660 2661 1675
bird 0.2042224109172821 2445 1669 2459 1683
bird 0.20224086940288544 2584 1580 2598 1594
bird 0.20192691683769226 2065 1321 2077 1332
bird 0.20094911754131317 3440 1239 3452 1251
bird 0.20039372146129608 2492 1636 2505 1651
