bird 0.9892051219940186 2582 1476 2621 1495
bird 0.982507050037384 2623 1508 2643 1547
bird 0.9726031422615051 2539 1429 2564 1465
bird 0.9687312245368958 2535 1513 2576 1532
bird 0.9646463394165039 2578 1413 2618 1431
bird 0.9269988536834717 2566 1554 2601 1576
bird 0.8646094799041748 2803 1405 2817 1420
bird 0.8536571264266968 2679 1289 2694 1304
bird 0.8314357995986938 2757 1530 2773 1547
bird 0.8172960877418518 2731 1367 2742 1382
bird 0.8080093860626221 2677 1390 2687 1407
bird 0.7967073917388916 2722 1481 2739 1498
bird 0.7909080982208252 2796 1384 2810 1397
bird 0.7866426706314087 2691 1367 2703 1382
bird 0.7749264240264893 2804 1496 2815 1508
bird 0.7744371294975281 2823 1484 2837 1499
bird 0.7600284218788147 2786 1478 2798 1493
bird 0.7270715236663818 2789 1505 2800 1518
bird 0.7249574661254883 2806 1420 2821 1435
bird 0.7212106585502625 2646 1353 2664 1363
bird 0.6991000771522522 2828 1530 2840 1543
bird 0.6961215734481812 2658 1322 2671 1335
bird 0.6689366698265076 2780 1389 2791 1405
bird 0.6683837175369263 2677 1351 2688 1365
bird 0.6504210829734802 2683 1345 2696 1356
bird 0.6496478915214539 2695 1339 2709 1354
bird 0.6378465294837952 2782 1415 2795 1429
bird 0.6339420080184937 2708 1335 2719 1350
bird 0.6236885786056519 2813 1512 2824 1524
bird 0.6186608672142029 2710 1324 2724 1339
bird 0.6086931228637695 2828 1416 2841 1431
bird 0.603039562702179 2737 1337 2751 1349
bird 0.6019356846809387 2824 1388 2838 1402
bird 0.6012071967124939 2694 1355 2708 1370
bird 0.5972757935523987 2802 1561 2813 1576
bird 0.5902684330940247 2790 1484 2805 1499
bird 0.5818023681640625 2837 1387 2851 1403
bird 0.5658755302429199 2684 1328 2696 1341
bird 0.5627246499061584 1977 20 1989 31
bird 0.5605343580245972 4529 3324 4542 3338
bird 0.556020200252533 2807 1387 2821 1402
bird 0.5492937564849854 4858 3404 4869 3420
bird 0.5042328834533691 2796 1505 2807 1516
bird 0.5035237669944763 2804 1521 2815 1532
bird 0.5013035535812378 5038 814 5056 831
bird 0.4772683084011078 2791 1515 2805 1529
bird 0.4713551104068756 666 1336 682 1351
bird 0.46257108449935913 2805 1484 2823 1497
bird 0.4584571123123169 2790 1371 2804 1386
bird 0.45477980375289917 2819 1506 2830 1518
bird 0.453522652387619 2827 1400 2840 1413
bird 0.45277565717697144 4551 3331 4564 3344
bird 0.4480728209018707 2584 1486 2613 1516
bird 0.44220641255378723 2804 1504 2815 1515
bird 0.4412720501422882 2789 1362 2801 1374
bird 0.43480437994003296 4575 3246 4589 3257
bird 0.43122464418411255 4470 2114 4485 2125
bird 0.42424240708351135 4512 3275 4526 3290
bird 0.4160582423210144 2528 1449 2555 1476
bird 0.41375312209129333 4552 3236 4563 3250
bird 0.40055015683174133 2805 1513 2815 1524
bird 0.39743563532829285 4119 943 4130 956
bird 0.3934801518917084 2806 1431 2818 1445
bird 0.39162516593933105 3345 2957 3374 2980
bird 0.3881770670413971 2695 1325 2710 1339
bird 0.3865247070789337 2678 1372 2693 1387
bird 0.3858150243759155 4948 1849 4979 1871
bird 0.37394779920578003 2585 1516 2614 1546
bird 0.3736896514892578 2819 1497 2831 1508
bird 0.3695851266384125 2714 1367 2727 1380
bird 0.3624248206615448 4867 3382 4880 3395
bird 0.3612367808818817 4529 3301 4542 3314
bird 0.3541988134384155 1648 2867 1680 2889
bird 0.34789204597473145 3339 3316 3350 3330
bird 0.3462795913219452 2555 1417 2585 1447
bird 0.344587504863739 2698 1575 2713 1586
bird 0.34241023659706116 2073 3541 2085 3554
bird 0.3401079773902893 2775 1403 2790 1418
bird 0.33841395378112793 1472 1762 1482 1776
bird 0.3248577117919922 2811 1497 2822 1508
bird 0.3215027451515198 381 2091 393 2102
bird 0.3199845254421234 3567 1946 3579 1958
bird 0.3086562752723694 1322 477 1336 488
bird 0.3048340976238251 2613 1488 2643 1518
bird 0.30213895440101624 2812 1519 2822 1531
bird 0.3004775941371918 2790 1420 2808 1433
bird 0.29901012778282166 5103 806 5122 826
bird 0.29739877581596375 2823 1517 2837 1531
bird 0.2927066385746002 4830 3421 4842 3435
bird 0.29192081093788147 4559 3230 4570 3242
bird 0.29075515270233154 4577 3323 4587 3339
bird 0.29024580121040344 4868 3345 4882 3360
bird 0.28990766406059265 4352 2154 4364 2167
bird 0.2881390452384949 2646 1341 2661 1357
bird 0.2836577892303467 2820 1423 2831 1437
bird 0.2803076505661011 2070 3550 2084 3567
bird 0.27029532194137573 4505 3315 4517 3328
bird 0.268966943025589 3934 2108 3946 2120
bird 0.26787838339805603 4559 3245 4571 3257
bird 0.2628970742225647 2684 1361 2698 1371
bird 0.26202720403671265 4845 3355 4860 3366
bird 0.2589316964149475 3573 1968 3585 1981
bird 0.2586667537689209 2195 3344 2209 3354
bird 0.25848013162612915 4870 3332 4883 3344
bird 0.25806495547294617 2797 2555 2807 2568
bird 0.24689188599586487 2529 1489 2553 1522
bird 0.24672968685626984 4825 3428 4837 3441
bird 0.24525684118270874 4535 3356 4547 3369
bird 0.24405859410762787 1149 2596 1162 2607
bird 0.24142524600028992 4132 1953 4148 1968
bird 0.2352684885263443 3654 2931 3665 2945
bird 0.23489820957183838 1986 -1 1997 10
bird 0.2346453219652176 2807 1531 2821 1545
bird 0.229047492146492 1690 3106 1706 3123
bird 0.22522464394569397 2790 1403 2805 1418
bird 0.2240617424249649 2056 2868 2069 2881
bird 0.22171109914779663 2662 1339 2676 1354
bird 0.22033515572547913 2546 1441 2558 1453
bird 0.2195335328578949 2551 1486 2581 1516
bird 0.2176308035850525 4526 1172 4563 1194
bird 0.209923654794693 1921 2891 1935 2902
bird 0.20904162526130676 2819 1378 2831 1391
bird 0.2084505707025528 4092 2838 4106 2853
bird 0.20779648423194885 4809 3397 4820 3410
bird 0.20719368755817413 1561 907 1593 933
bird 0.20589037239551544 2515 3070 2525 3083
bird 0.20410063862800598 2711 1356 2725 1370
bird 0.20261651277542114 4805 3405 4818 3416
bird 0.2006247639656067 2947 -11 2972 16
bird 0.20001381635665894 2837 1403 2851 1418
