bird 0.9942995309829712 3118 1151 3140 1193
bird 0.9940104484558105 3155 1142 3175 1183
bird 0.9924722909927368 3113 1437 3133 1477
bird 0.9902005791664124 3192 1316 3215 1353
bird 0.9882959723472595 3183 1417 3215 1446
bird 0.969540536403656 3090 1323 3109 1364
bird 0.8771746754646301 2711 1733 2725 1748
bird 0.829233705997467 3131 1160 3160 1188
bird 0.8230625987052917 2739 1696 2752 1709
bird 0.8154875636100769 3964 1992 3978 2005
bird 0.8135077357292175 3939 1978 3954 1989
bird 0.8059983253479004 2760 1717 2774 1731
bird 0.8011845946311951 3986 1989 4000 2003
bird 0.7932900786399841 3958 2018 3973 2030
bird 0.774804949760437 2730 1712 2743 1724
bird 0.7410472631454468 2803 2323 2816 2334
bird 0.7066170573234558 3382 1908 3398 1924
bird 0.6928524374961853 2784 2346 2800 2356
bird 0.6816442012786865 3212 2151 3224 2166
bird 0.6786503195762634 3982 2015 3994 2029
bird 0.6752012968063354 2835 2315 2847 2325
bird 0.6751613020896912 3938 1957 3953 1973
bird 0.6666187644004822 2807 2303 2821 2317
bird 0.6638299226760864 2820 2315 2830 2325
bird 0.6568472385406494 2739 1758 2754 1771
bird 0.6559011340141296 2829 2338 2840 2351
bird 0.6270437240600586 2820 2308 2830 2319
bird 0.621145486831665 3998 1985 4010 1997
bird 0.6021879315376282 2725 1723 2740 1738
bird 0.60133296251297 2755 1729 2766 1744
bird 0.6007046699523926 3263 662 3284 699
bird 0.5724212527275085 2709 1744 2721 1757
bird 0.5542659759521484 4000 1956 4014 1971
bird 0.5507602691650391 3197 3341 3208 3355
bird 0.5465932488441467 2912 399 2927 416
bird 0.546040415763855 3982 2002 3995 2014
bird 0.5445179343223572 3166 3357 3182 3375
bird 0.5379389524459839 3970 2020 3984 2034
bird 0.5372199416160583 2821 2370 2833 2383
bird 0.5328971147537231 3938 1988 3952 2003
bird 0.529033362865448 3212 2123 3225 2135
bird 0.5273784399032593 2828 2316 2839 2325
bird 0.5223369598388672 2813 2316 2823 2326
bird 0.520889401435852 2749 1737 2762 1749
bird 0.5180404186248779 3167 3346 3181 3360
bird 0.5102118253707886 3970 2005 3984 2019
bird 0.5027720332145691 3197 3357 3208 3370
bird 0.5023221969604492 2804 2316 2815 2326
bird 0.5017966032028198 3587 2365 3602 2381
bird 0.5011770725250244 2812 2329 2823 2340
bird 0.50032639503479 3942 2010 3954 2024
bird 0.4958201050758362 2907 394 2919 408
bird 0.4708471894264221 2727 1701 2742 1716
bird 0.45550137758255005 2820 2324 2830 2334
bird 0.45346641540527344 3954 1988 3968 2003
bird 0.4455573558807373 3987 1957 4002 1971
bird 0.4343550205230713 2819 2331 2832 2340
bird 0.43257269263267517 3201 3346 3217 3363
bird 0.4290599524974823 2743 1716 2757 1730
bird 0.42638689279556274 4208 3453 4220 3465
bird 0.42217275500297546 1679 1281 1708 1307
bird 0.4220316410064697 2739 1705 2752 1717
bird 0.4140947759151459 2797 2315 2808 2328
bird 0.41182878613471985 2725 1736 2736 1749
bird 0.4117853045463562 4585 3449 4612 3482
bird 0.40278947353363037 1697 1985 1709 1997
bird 0.38708218932151794 4201 3446 4212 3457
bird 0.3759516775608063 2712 1724 2727 1739
bird 0.3737177550792694 2769 1712 2781 1725
bird 0.37188491225242615 3213 3340 3223 3354
bird 0.36697059869766235 3197 3354 3222 3383
bird 0.34998342394828796 4176 3424 4195 3445
bird 0.3484113812446594 1707 1975 1722 1988
bird 0.3341277241706848 3748 3501 3761 3514
bird 0.32718899846076965 2758 1709 2775 1722
bird 0.3265005946159363 2539 3480 2552 3491
bird 0.32430779933929443 3951 1957 3966 1972
bird 0.3226579427719116 3953 2005 3967 2019
bird 0.31812477111816406 1858 2401 1871 2415
bird 0.31275489926338196 2955 23 2967 33
bird 0.3088987469673157 3939 2018 3953 2033
bird 0.30520275235176086 2956 2203 2968 2215
bird 0.3033291697502136 4224 3454 4237 3465
bird 0.3022673726081848 2828 2324 2838 2334
bird 0.29943373799324036 4216 3454 4227 3466
bird 0.29404088854789734 1706 1969 1718 1981
bird 0.29193657636642456 3196 1319 3210 1332
bird 0.29183635115623474 3990 1978 4004 1991
bird 0.2892988324165344 4191 3430 4203 3442
bird 0.2882063686847687 3237 1418 3250 1429
bird 0.2879265546798706 1638 1301 1665 1329
bird 0.28543251752853394 3975 1986 3986 1999
bird 0.27997180819511414 4466 3058 4491 3087
bird 0.2781604528427124 4200 3438 4211 3449
bird 0.2655583918094635 1891 2384 1904 2397
bird 0.26419708132743835 1720 1993 1733 2005
bird 0.26233622431755066 2851 3221 2864 3232
bird 0.2578277587890625 3205 3358 3215 3368
bird 0.25738590955734253 2798 2307 2808 2319
bird 0.2572200298309326 2834 2331 2845 2342
bird 0.2564302980899811 2726 1749 2743 1762
bird 0.2499295026063919 1698 2003 1708 2016
bird 0.24865791201591492 4189 3438 4203 3454
bird 0.246712327003479 2539 3474 2569 3495
bird 0.24568362534046173 4208 3438 4219 3449
bird 0.24511685967445374 4200 3429 4211 3441
bird 0.2428099513053894 2790 2334 2805 2349
bird 0.23491843044757843 2100 351 2111 362
bird 0.23345276713371277 -14 1348 17 1373
bird 0.23333385586738586 2923 407 2933 420
bird 0.23052658140659332 2306 367 2317 380
bird 0.22956444323062897 2823 2350 2835 2367
bird 0.22955097258090973 3093 1320 3105 1332
bird 0.22156287729740143 2739 1737 2751 1749
bird 0.21937672793865204 1865 3542 1877 3555
bird 0.21799592673778534 3943 2001 3955 2013
bird 0.21684089303016663 4216 3446 4227 3458
bird 0.21592554450035095 4545 1153 4556 1164
bird 0.2069556564092636 3180 3364 3192 3377
bird 0.2053992748260498 2835 2324 2847 2334
bird 0.20502741634845734 3180 3381 3192 3393
bird 0.2027691751718521 2032 2856 2060 2887
bird 0.20261749625205994 2746 2379 2757 2391
bird 0.201302170753479 1864 2386 1876 2399
