bird 0.9922294020652771 2685 1109 2713 1140
bird 0.9897419214248657 2883 1283 2924 1302
bird 0.9851337671279907 2838 1197 2872 1224
bird 0.9841975569725037 2850 1334 2870 1375
bird 0.9803549647331238 2712 1071 2733 1111
bird 0.9754084348678589 2759 1260 2787 1293
bird 0.9688471555709839 5077 2458 5115 2482
bird 0.9254958033561707 1310 2268 1331 2309
bird 0.887843132019043 3860 1294 3874 1307
bird 0.8715768456459045 3830 1297 3845 1309
bird 0.8194053173065186 3342 1862 3352 1881
bird 0.8149837851524353 2723 1792 2735 1807
bird 0.7984910011291504 3824 1276 3839 1292
bird 0.7856132388114929 3340 1566 3351 1582
bird 0.7778903841972351 3101 2226 3112 2238
bird 0.7761858105659485 3108 2271 3119 2287
bird 0.7593271732330322 2694 1796 2708 1811
bird 0.7427137494087219 2688 1771 2705 1782
bird 0.7342092990875244 3131 2219 3143 2231
bird 0.7339891195297241 3863 1247 3877 1259
bird 0.7123743295669556 3116 2243 3127 2254
bird 0.7061870694160461 2726 1814 2740 1829
bird 0.7032970786094666 2693 1813 2707 1828
bird 0.6930708289146423 2717 1769 2731 1782
bird 0.6911038160324097 3117 2227 3127 2239
bird 0.6737659573554993 3879 1271 3891 1284
bird 0.6635158658027649 3877 1320 3890 1332
bird 0.6451592445373535 3150 2269 3165 2285
bird 0.6447842121124268 3879 1287 3889 1299
bird 0.6420156955718994 3104 2237 3118 2251
bird 0.6410015821456909 3767 3074 3794 3106
bird 0.634503960609436 4893 2788 4905 2800
bird 0.6338532567024231 4880 2775 4895 2790
bird 0.6320878863334656 3858 1323 3872 1338
bird 0.6290870904922485 4569 2769 4593 2791
bird 0.6117537021636963 3886 1296 3897 1307
bird 0.604205846786499 3135 2236 3149 2251
bird 0.59938645362854 3117 2236 3128 2246
bird 0.5923902988433838 3875 1299 3888 1313
bird 0.5878018140792847 2071 617 2086 632
bird 0.5869455337524414 3871 1271 3883 1285
bird 0.5869094133377075 2693 1827 2707 1842
bird 0.5869017839431763 3887 1305 3898 1316
bird 0.5775197148323059 3858 1308 3872 1322
bird 0.5766687989234924 2724 1765 2739 1780
bird 0.571578860282898 4636 3254 4652 3265
bird 0.5571048259735107 64 3567 79 3584
bird 0.5499494671821594 906 261 931 290
bird 0.5405019521713257 3878 1280 3889 1291
bird 0.5345240235328674 1309 2528 1353 2546
bird 0.5243006944656372 4572 2914 4602 2943
bird 0.5216844081878662 2685 1818 2696 1830
bird 0.5176318287849426 3872 1287 3882 1300
bird 0.517082691192627 4916 2775 4931 2791
bird 0.4999687671661377 2694 1781 2708 1795
bird 0.4960729777812958 3109 2227 3119 2238
bird 0.4926840364933014 4816 2789 4833 2805
bird 0.4874516427516937 3879 1312 3891 1324
bird 0.47599244117736816 1316 2248 1342 2285
bird 0.47226014733314514 3326 1838 3337 1853
bird 0.4690900146961212 4567 2702 4580 2714
bird 0.45583808422088623 1579 2455 1594 2469
bird 0.45280033349990845 3772 1824 3789 1835
bird 0.4504551291465759 2699 1809 2713 1821
bird 0.43355634808540344 4575 2654 4590 2665
bird 0.4268934726715088 3886 1288 3896 1299
bird 0.4264336824417114 4902 2788 4912 2800
bird 0.42527294158935547 1158 728 1173 739
bird 0.41978126764297485 3886 1264 3896 1279
bird 0.4176061153411865 2726 1825 2740 1840
bird 0.4057353436946869 3094 2323 3104 2335
bird 0.40170663595199585 3125 2227 3135 2238
bird 0.39704981446266174 4629 3221 4643 3233
bird 0.3945513963699341 4910 2788 4922 2800
bird 0.3894270062446594 2082 618 2097 633
bird 0.3860912024974823 3134 2226 3143 2239
bird 0.3802977502346039 3858 1276 3872 1290
bird 0.37758326530456543 4588 2715 4609 2753
bird 0.3750758767127991 3125 2243 3135 2255
bird 0.3678966760635376 3872 1251 3887 1266
bird 0.3550805449485779 4893 2780 4904 2792
bird 0.3537920117378235 3888 1314 3902 1329
bird 0.35077914595603943 3126 2235 3135 2245
bird 0.3228011727333069 4624 3232 4639 3246
bird 0.32186952233314514 3871 1313 3882 1325
bird 0.31651243567466736 3888 1276 3902 1291
bird 0.3080042004585266 4888 2771 4900 2783
bird 0.3076615333557129 1569 2460 1583 2472
bird 0.30689775943756104 4006 3294 4018 3306
bird 0.30664318799972534 3841 1291 3855 1306
bird 0.3036666512489319 1827 2492 1838 2504
bird 0.29572853446006775 4829 2795 4842 2806
bird 0.2938452661037445 1819 2467 1829 2481
bird 0.29376092553138733 3109 2249 3122 2260
bird 0.29351916909217834 2726 1778 2739 1796
bird 0.2867887020111084 4014 3260 4027 3273
bird 0.2834711968898773 4998 2625 5010 2638
bird 0.28183966875076294 5104 1812 5120 1828
bird 0.27609992027282715 2707 1801 2719 1816
bird 0.27349403500556946 2686 1793 2697 1806
bird 0.27226701378822327 1159 751 1172 762
bird 0.26970911026000977 3770 3096 3785 3124
bird 0.2682713568210602 2930 1248 2951 1266
bird 0.2674880027770996 3862 1303 3875 1314
bird 0.2661568522453308 3859 1266 3872 1281
bird 0.26468124985694885 4581 2779 4611 2806
bird 0.26415199041366577 2916 2531 2928 2543
bird 0.2608594000339508 4885 2763 4897 2776
bird 0.258221834897995 2008 2599 2022 2613
bird 0.25741374492645264 1061 831 1074 843
bird 0.2564757764339447 4905 2780 4915 2792
bird 0.25227129459381104 2381 2856 2395 2872
bird 0.2519241273403168 2403 2884 2414 2898
bird 0.24719803035259247 1318 2532 1334 2542
bird 0.24621230363845825 3775 3116 3786 3129
bird 0.24395400285720825 2464 1432 2476 1444
bird 0.24239493906497955 3773 3093 3786 3103
bird 0.2395814210176468 4663 3211 4674 3226
bird 0.23886629939079285 1562 2498 1572 2513
bird 0.23863282799720764 4816 2781 4829 2792
bird 0.2378859668970108 4960 2635 4972 2646
bird 0.23782192170619965 4968 2626 4980 2639
bird 0.2376539707183838 3104 2253 3117 2271
bird 0.23690617084503174 5061 2455 5090 2483
bird 0.2336340695619583 5069 2261 5112 2279
bird 0.2295183688402176 4332 3249 4346 3264
bird 0.22867296636104584 4981 2645 4994 2656
bird 0.22596034407615662 4629 3248 4643 3264
bird 0.22569257020950317 5102 2461 5132 2490
bird 0.22514666616916656 5110 2347 5122 2359
bird 0.22507210075855255 1705 3068 1717 3080
bird 0.22377529740333557 4570 2708 4589 2727
bird 0.22326382994651794 2860 1206 2871 1221
bird 0.22218719124794006 3846 1312 3859 1323
bird 0.22047731280326843 4592 2724 4604 2736
bird 0.22041243314743042 4579 2744 4605 2776
bird 0.2190088927745819 4641 3216 4656 3230
bird 0.21844686567783356 3773 3086 3785 3096
bird 0.21424131095409393 2707 1314 2725 1331
bird 0.20665638148784637 5019 2220 5052 2245
bird 0.20450149476528168 3166 2049 3176 2063
bird 0.20284974575042725 4806 2787 4818 2799
bird 0.20169441401958466 2379 1384 2391 1396
bird 0.2010534554719925 910 263 922 274
bird 0.20043011009693146 3838 1303 3850 1316
