bird 0.9890266060829163 2229 1366 2269 1386
bird 0.9884081482887268 2514 1441 2556 1463
bird 0.9840168952941895 2498 1362 2534 1391
bird 0.9819421172142029 2402 1347 2442 1369
bird 0.9660032391548157 2232 1404 2274 1422
bird 0.9179403781890869 2397 1454 2438 1470
bird 0.8449532389640808 3168 649 3182 664
bird 0.8445609211921692 2739 1865 2752 1878
bird 0.8437218070030212 2760 1844 2777 1855
bird 0.8356333374977112 3131 686 3144 699
bird 0.8333227038383484 3134 634 3150 650
bird 0.8332136273384094 3342 1851 3353 1862
bird 0.8294338583946228 3337 1860 3351 1875
bird 0.8281170725822449 3171 671 3184 684
bird 0.8278031945228577 3496 1091 3512 1107
bird 0.8079560995101929 3196 678 3209 691
bird 0.8037269711494446 3357 1865 3368 1878
bird 0.7966309189796448 2743 1829 2757 1844
bird 0.7911800146102905 3231 1437 3248 1453
bird 0.7831637859344482 3365 1843 3378 1853
bird 0.7664227485656738 3349 1850 3360 1860
bird 0.7454811334609985 2721 1851 2737 1862
bird 0.7441872954368591 3375 1887 3386 1902
bird 0.7345271110534668 2244 1389 2269 1414
bird 0.7111160159111023 3165 638 3177 652
bird 0.703410804271698 2758 1878 2772 1893
bird 0.7021202445030212 3349 1842 3360 1854
bird 0.6915063261985779 3350 1833 3361 1846
bird 0.685189425945282 3188 656 3201 667
bird 0.6811692714691162 2727 1859 2741 1874
bird 0.6786395311355591 2755 1866 2769 1879
bird 0.6777096390724182 3180 655 3193 666
bird 0.6299617886543274 2785 1857 2796 1871
bird 0.5931979417800903 1468 1516 1484 1532
bird 0.5856980681419373 3155 695 3168 708
bird 0.5839809775352478 3349 1858 3360 1868
bird 0.5505499243736267 3168 681 3182 696
bird 0.5459505915641785 5106 974 5132 1007
bird 0.5459215044975281 3014 1238 3026 1254
bird 0.5290447473526001 3185 682 3199 696
bird 0.5192939639091492 3340 2821 3354 2833
bird 0.5072097182273865 4441 1636 4455 1651
bird 0.5031211972236633 2744 1877 2758 1891
bird 0.47954973578453064 3356 1851 3368 1860
bird 0.4746173918247223 3356 1859 3368 1868
bird 0.4699936807155609 3199 666 3213 681
bird 0.4661484956741333 3365 1851 3375 1860
bird 0.44635531306266785 3189 695 3200 709
bird 0.437033087015152 3182 666 3200 678
bird 0.4357042908668518 2743 1844 2757 1859
bird 0.41605278849601746 2758 1889 2773 1903
bird 0.41513001918792725 3315 2819 3328 2832
bird 0.41319650411605835 1499 3566 1528 3594
bird 0.40517473220825195 3356 1843 3369 1852
bird 0.39812302589416504 3349 1873 3362 1883
bird 0.39546653628349304 3343 1844 3353 1855
bird 0.3928373456001282 2776 1860 2790 1874
bird 0.38157621026039124 3365 1858 3376 1868
bird 0.37700381875038147 4429 1636 4443 1650
bird 0.37073495984077454 3151 682 3165 697
bird 0.3696649372577667 3357 2427 3372 2437
bird 0.3530122935771942 4627 1971 4641 1981
bird 0.35084933042526245 2757 1829 2771 1844
bird 0.343431293964386 3399 1847 3414 1863
bird 0.33089709281921387 3302 2812 3314 2825
bird 0.3217114508152008 3205 1433 3216 1446
bird 0.32068905234336853 3136 694 3152 710
bird 0.3165704607963562 2776 1846 2790 1860
bird 0.3153463900089264 3341 1872 3352 1882
bird 0.3147340416908264 3360 1831 3374 1844
bird 0.3133414685726166 4431 1589 4460 1616
bird 0.31302282214164734 2859 2915 2870 2928
bird 0.3123563826084137 3180 677 3191 691
bird 0.31145888566970825 4264 1931 4275 1945
bird 0.30938997864723206 3335 1851 3345 1863
bird 0.30880290269851685 3136 643 3149 663
bird 0.30337706208229065 711 3069 723 3081
bird 0.3014410734176636 3365 1866 3375 1877
bird 0.2991431951522827 3172 664 3185 675
bird 0.29127854108810425 1479 1513 1491 1525
bird 0.2909420132637024 3276 2852 3292 2862
bird 0.28862524032592773 727 3069 738 3081
bird 0.2882165312767029 3167 697 3181 712
bird 0.2732990086078644 809 1120 830 1154
bird 0.27072641253471375 1361 2114 1373 2126
bird 0.26562392711639404 3368 1878 3383 1893
bird 0.2651776969432831 3365 2098 3377 2110
bird 0.2621043026447296 3158 646 3170 660
bird 0.26097631454467773 1320 2314 1333 2325
bird 0.2567669153213501 719 3070 731 3081
bird 0.2565500736236572 3148 635 3167 647
bird 0.25447627902030945 2857 3011 2879 3041
bird 0.24525128304958344 3319 2836 3330 2849
bird 0.24353013932704926 2523 1357 2553 1386
bird 0.24155770242214203 2452 3101 2463 3113
bird 0.23668669164180756 3331 2803 3345 2814
bird 0.2311563938856125 2443 3078 2454 3090
bird 0.22633515298366547 4980 492 5010 518
bird 0.22044111788272858 3354 2781 3382 2808
bird 0.21981260180473328 2459 3095 2469 3106
bird 0.21961192786693573 2717 1856 2729 1868
bird 0.2158433347940445 1561 1641 1571 1658
bird 0.21542610228061676 4966 1310 5002 1331
bird 0.21209168434143066 4997 492 5009 505
bird 0.20517851412296295 4591 1345 4603 1356
bird 0.20460031926631927 2475 3132 2486 3145
bird 0.20291785895824432 4721 1897 4733 1910
bird 0.20101355016231537 687 3069 697 3083
bird 0.2010098695755005 2755 1848 2769 1860
