329,2234,323,2242,317,2250,305,2252,292,2254,289,2251,291,2248,297,2241,305,2236,313,2234,324,2233
419,2224,427,2225,432,2225,440,2225,443,2226,453,2235,450,2240,440,2238,431,2237,426,2232
460,2311,453,2317,456,2323,460,2330,462,2334,470,2339,475,2334,478,2328,473,2321,471,2318
534,2215,535,2221,540,2229,546,2238,551,2240,556,2241,555,2232,555,2226,550,2220,540,2215
529,1996,536,1999,542,2005,552,2008,561,2008,566,2008,570,2006,559,2001,557,1997,549,1993,544,1993
974,2650,986,2657,994,2658,1001,2660,1004,2656,1001,2648,991,2644
970,2618,978,2626,986,2628,1003,2627,1001,2620,1000,2614,986,2611
1092,2523,1097,2529,1102,2535,1106,2540,1108,2540,1113,2538,1112,2530,1110,2523,1103,2518,1095,2520
1031,2495,1032,2499,1037,2509,1039,2514,1049,2515,1051,2511,1048,2506,1044,2501,1039,2500
1103,2430,1106,2437,1108,2445,1110,2450,1117,2452,1121,2451,1125,2446,1120,2437,1114,2434,1110,2432
970,2457,977,2461,984,2464,993,2465,1000,2460,1002,2458,994,2455,987,2454,978,2455
1032,2386,1037,2396,1039,2402,1042,2409,1052,2410,1055,2406,1056,2402,1051,2394,1046,2389,1037,2389
1292,2258,1286,2266,1284,2272,1284,2279,1287,2290,1291,2296,1299,2282,1301,2277,1300,2273,1297,2265
1537,2347,1539,2353,1544,2362,1546,2368,1556,2369,1564,2372,1564,2368,1562,2359,1560,2356,1552,2348,1544,2348
1481,2275,1482,2281,1490,2292,1496,2294,1502,2297,1506,2293,1503,2285,1496,2278,1492,2275
1376,2203,1385,2201,1393,2198,1403,2199,1409,2203,1410,2210,1406,2210,1396,2215,1391,2214,1381,2211
1505,2240,1510,2246,1512,2252,1517,2261,1528,2260,1535,2262,1532,2255,1528,2248,1526,2245,1517,2242,1510,2240
1569,2219,1568,2223,1568,2231,1570,2235,1574,2241,1578,2247,1583,2252,1588,2251,1586,2245,1588,2236,1583,2230,1580,2227
1499,2124,1506,2131,1507,2135,1518,2140,1526,2139,1533,2139,1532,2135,1525,2128,1521,2124,1511,2123
1343,2078,1347,2087,1350,2091,1355,2098,1367,2100,1376,2100,1371,2096,1369,2090,1363,2087,1359,2084,1351,2080
1370,2011,1369,2017,1372,2027,1373,2032,1380,2039,1383,2042,1386,2040,1387,2034,1387,2027,1384,2024,1376,2016
1476,2016,1477,2021,1478,2030,1481,2036,1488,2039,1493,2043,1496,2043,1501,2040,1500,2035,1494,2028,1490,2023,1486,2020
1586,2039,1589,2043,1592,2051,1594,2057,1599,2059,1608,2063,1611,2063,1616,2062,1616,2058,1612,2050,1610,2048,1602,2041,1597,2041
1456,1648,1467,1647,1475,1648,1484,1648,1490,1651,1490,1658,1481,1660,1475,1661,1469,1659,1462,1659,1455,1657,1453,1652
1563,1590,1574,1588,1585,1591,1595,1594,1600,1603,1599,1606,1596,1605,1590,1606,1581,1605,1577,1600,1573,1599,1563,1595
1594,1576,1606,1582,1610,1586,1615,1594,1617,1601,1617,1606,1611,1613,1607,1610,1600,1606,1599,1598,1596,1593,1595,1586
1651,1687,1654,1691,1662,1697,1667,1702,1670,1706,1672,1710,1672,1717,1665,1716,1661,1714,1656,1710,1654,1707,1649,1700,1649,1695
1749,1649,1756,1649,1765,1643,1773,1642,1783,1641,1779,1649,1778,1653,1768,1658,1765,1658,1757,1658,1751,1656
1848,1693,1858,1695,1868,1700,1874,1704,1876,1708,1879,1714,1878,1719,1867,1720,1862,1717,1856,1712,1853,1707
2201,2505,2205,2505,2211,2504,2223,2507,2222,2513,2219,2518,2212,2521,2200,2522,2193,2520,2189,2517,2189,2512,2192,2510
2276,2475,2283,2478,2289,2482,2296,2486,2301,2494,2301,2501,2297,2502,2295,2506,2291,2501,2283,2498,2280,2493,2278,2487,2276,2484,2273,2478
2118,2385,2126,2387,2133,2384,2140,2388,2143,2391,2150,2395,2150,2397,2148,2402,2140,2406,2136,2406,2129,2402,2126,2399,2121,2395,2117,2393
2425,2366,2425,2370,2425,2376,2426,2383,2427,2390,2431,2393,2438,2397,2438,2395,2438,2392,2440,2382,2437,2378,2432,2371
2140,2296,2139,2301,2141,2304,2148,2303,2151,2307,2157,2310,2164,2310,2170,2308,2171,2305,2172,2302,2167,2295,2162,2293,2156,2293,2147,2293
2191,2238,2188,2244,2189,2245,2193,2247,2197,2249,2200,2255,2205,2257,2214,2259,2215,2257,2222,2256,2220,2253,2214,2245,2210,2242,2204,2240,2199,2240
2235,2198,2236,2203,2241,2206,2244,2212,2248,2217,2254,2216,2261,2215,2265,2216,2264,2212,2263,2204,2259,2201,2250,2196,2242,2195,2238,2195
2398,2295,2390,2296,2381,2299,2381,2302,2378,2306,2376,2309,2371,2312,2375,2311,2380,2313,2385,2315,2389,2314,2394,2312,2399,2307,2403,2302,2405,2299,2407,2294,2400,2292
2409,2252,2405,2254,2405,2257,2405,2260,2402,2268,2400,2272,2400,2278,2405,2284,2413,2285,2413,2284,2416,2279,2418,2275,2415,2267,2414,2263,2413,2255
2443,2144,2441,2148,2443,2152,2444,2158,2444,2161,2445,2167,2448,2170,2451,2175,2454,2179,2457,2177,2462,2175,2462,2171,2461,2167,2460,2160,2458,2156,2448,2149
2018,2284,2024,2284,2032,2281,2036,2282,2033,2286,2028,2290,2019,2297,2018,2299,2015,2299,2009,2297,2005,2297,2010,2287
2026,2109,2034,2108,2047,2108,2056,2108,2051,2117,2045,2117,2040,2123,2027,2127,2024,2123,2022,2120,2017,2116
2186,2085,2177,2091,2175,2098,2179,2098,2187,2096,2192,2098,2197,2098,2205,2097,2208,2094,2208,2091,2214,2086,2206,2083,2201,2080,2189,2079
2162,2052,2165,2058,2168,2061,2170,2068,2177,2071,2182,2074,2188,2073,2191,2074,2192,2071,2192,2068,2192,2062,2189,2057,2179,2053,2175,2051,2170,2046,2165,2046
2567,2367,2566,2371,2570,2376,2573,2380,2581,2389,2587,2391,2595,2388,2596,2385,2593,2380,2591,2375,2579,2368
2510,2316,2516,2321,2519,2320,2529,2322,2529,2324,2535,2329,2539,2334,2534,2335,2525,2336,2521,2332,2514,2328,2509,2326,2503,2321
2603,2278,2600,2284,2602,2292,2604,2301,2609,2307,2615,2308,2623,2311,2623,2306,2623,2293,2618,2289,2611,2285
2513,2209,2511,2217,2514,2223,2516,2230,2523,2233,2531,2237,2536,2238,2537,2235,2538,2231,2537,2224,2532,2219,2525,2215,2517,2212
2710,2144,2718,2143,2727,2144,2735,2147,2738,2152,2739,2155,2736,2159,2731,2160,2724,2160,2718,2155,2714,2154,2707,2152,2707,2150
2590,2147,2597,2145,2607,2146,2615,2149,2618,2154,2615,2159,2609,2158,2603,2163,2589,2158,2586,2154
2625,2063,2623,2067,2618,2067,2619,2072,2621,2075,2627,2073,2633,2075,2648,2073,2649,2067,2651,2063,2645,2057,2638,2055,2634,2055
2549,2069,2551,2069,2558,2070,2561,2068,2570,2070,2571,2075,2565,2080,2563,2083,2555,2087,2548,2091,2544,2089,2538,2094,2536,2091,2536,2087,2539,2080,2541,2073
2472,2020,2473,2027,2473,2033,2474,2038,2474,2045,2479,2048,2482,2051,2486,2052,2487,2044,2490,2040,2490,2038,2484,2029,2481,2024,2477,2020
2385,2029,2383,2034,2386,2040,2388,2050,2391,2058,2396,2059,2403,2061,2405,2062,2405,2055,2406,2050,2403,2045,2397,2039,2392,2034,2388,2031
2257,2045,2252,2042,2252,2046,2251,2054,2254,2056,2257,2062,2262,2070,2273,2070,2274,2066,2273,2056,2267,2050
2263,1947,2264,1955,2270,1963,2277,1969,2283,1974,2294,1973,2295,1969,2294,1962,2292,1957,2281,1949,2271,1949
2414,1920,2409,1922,2403,1928,2404,1933,2409,1933,2422,1941,2428,1940,2434,1938,2435,1934,2435,1929,2424,1925
2519,1834,2515,1844,2511,1848,2512,1862,2516,1866,2519,1869,2525,1861,2529,1856,2530,1846,2525,1840
2680,1883,2674,1889,2672,1894,2664,1901,2664,1909,2669,1915,2671,1919,2680,1912,2684,1912,2689,1907,2688,1901
2581,1784,2581,1787,2582,1797,2586,1811,2595,1816,2601,1818,2601,1814,2600,1804,2597,1795
2369,1748,2378,1756,2380,1764,2380,1774,2380,1780,2378,1785,2373,1776,2370,1774,2364,1769,2364,1757,2364,1744
2247,1754,2240,1758,2235,1764,2229,1771,2229,1777,2229,1785,2239,1787,2240,1784,2248,1767
