bird 0.9508687853813171 2658 2183 2719 2245
bird 0.9504275918006897 2859 2238 2917 2302
bird 0.9429714679718018 2127 1833 2186 1892
bird 0.9226446747779846 2657 2112 2711 2173
bird 0.9195119142532349 3460 1226 3519 1278
bird 0.9158086776733398 2600 2138 2656 2193
bird 0.9124796390533447 3800 1027 3859 1084
bird 0.9072540402412415 2744 2352 2805 2405
bird 0.9029209613800049 2102 1792 2160 1847
bird 0.9004139304161072 3583 676 3645 739
bird 0.8985896110534668 2936 2405 2982 2456
bird 0.8899171352386475 3075 2405 3117 2460
bird 0.888922393321991 3131 2090 3185 2149
bird 0.887822151184082 615 1867 668 1924
bird 0.8787259459495544 2627 2334 2685 2379
bird 0.8782294392585754 3707 1364 3769 1419
bird 0.8656600713729858 1003 1587 1058 1641
bird 0.8614843487739563 1156 1586 1206 1635
bird 0.8580963015556335 1270 2227 1313 2272
bird 0.8489392399787903 3254 1477 3318 1539
bird 0.8462879657745361 1133 2117 1182 2159
bird 0.8397819399833679 1082 1585 1130 1632
bird 0.8360278606414795 4738 2742 4803 2805
bird 0.8303840756416321 2752 1997 2806 2040
bird 0.8276069760322571 3216 2032 3265 2077
bird 0.8276053667068481 3424 2461 3462 2499
bird 0.8213740587234497 2697 2272 2748 2329
bird 0.8123390674591064 2759 2436 2808 2481
bird 0.8111003041267395 1528 847 1584 916
bird 0.8007931113243103 2660 2426 2705 2475
bird 0.7870809435844421 1260 1921 1306 1958
bird 0.7855277061462402 2908 2754 2949 2780
bird 0.7773531675338745 3393 2288 3429 2315
bird 0.7538803815841675 2147 2724 2189 2767
bird 0.7515407800674438 870 31 907 71
bird 0.7508366107940674 926 1884 975 1940
bird 0.7384312748908997 2653 3498 2700 3545
bird 0.737385630607605 3448 2447 3481 2473
bird 0.7369267344474792 250 3546 294 3584
bird 0.7367328405380249 3517 1409 3577 1466
bird 0.7341314554214478 1230 1577 1287 1628
bird 0.7335177063941956 3835 1209 3875 1250
bird 0.7295100688934326 950 1481 1001 1533
bird 0.7260075807571411 3349 861 3387 892
bird 0.7227044105529785 1245 1710 1295 1756
bird 0.7176156044006348 2934 2719 2963 2757
bird 0.7159869074821472 2928 2771 2951 2802
bird 0.709975004196167 1210 2198 1255 2244
bird 0.7076864838600159 1037 8 1090 61
bird 0.7070735096931458 1396 2299 1454 2352
bird 0.7063011527061462 929 1506 977 1555
bird 0.6998935341835022 3153 3517 3183 3563
bird 0.6763162016868591 4311 -9 4358 32
bird 0.6683879494667053 1389 3344 1422 3389
bird 0.6647658348083496 1202 2115 1248 2160
bird 0.663945198059082 569 1933 607 1973
bird 0.6607513427734375 932 1774 979 1824
bird 0.6473125219345093 5032 792 5088 844
bird 0.6387640237808228 1240 1646 1289 1692
bird 0.6260849833488464 823 19 862 55
bird 0.6237677335739136 1492 2344 1541 2392
bird 0.6191425919532776 2956 2743 2994 2766
bird 0.6174613833427429 2833 3492 2877 3537
bird 0.6103987097740173 438 507 476 547
bird 0.5981883406639099 934 85 985 136
bird 0.5947138071060181 1280 2109 1333 2160
bird 0.5915886759757996 584 2574 623 2626
bird 0.5907745957374573 1302 2250 1350 2299
bird 0.5890512466430664 4499 3150 4544 3196
bird 0.5821294188499451 2911 2728 2942 2753
bird 0.5809946656227112 3919 549 3963 592
bird 0.5786815285682678 1150 2175 1199 2224
bird 0.5767932534217834 575 1855 611 1891
bird 0.5753456950187683 1276 2175 1316 2217
bird 0.5738099217414856 2168 2691 2213 2738
bird 0.5716253519058228 1265 2043 1312 2092
bird 0.5657391548156738 2954 2717 2984 2749
bird 0.5652300715446472 2944 2755 2970 2788
bird 0.5568951368331909 548 1965 587 2005
bird 0.555672824382782 1322 -3 1364 32
bird 0.5537219643592834 499 1757 541 1797
bird 0.5513370037078857 1065 1556 1113 1604
bird 0.5505468249320984 579 1896 616 1933
bird 0.5488153100013733 927 13 978 61
bird 0.5460671186447144 514 1992 554 2033
bird 0.5455260872840881 3628 2308 3662 2333
bird 0.5454224944114685 812 2927 834 2959
bird 0.5443058609962463 514 742 567 792
bird 0.5349918007850647 561 1816 598 1853
bird 0.5301696062088013 2134 2656 2157 2697
bird 0.5282652378082275 2405 2962 2453 3012
bird 0.5274215936660767 1589 2393 1637 2440
bird 0.5253233909606934 601 18 649 61
bird 0.5238064527511597 3356 3506 3376 3550
bird 0.5204030275344849 2171 1207 2215 1249
bird 0.5167025327682495 3408 2427 3448 2469
bird 0.5161395072937012 1687 2451 1728 2490
bird 0.5157800912857056 538 1781 576 1819
bird 0.5062787532806396 742 2859 779 2879
bird 0.49895647168159485 890 56 925 93
bird 0.49129611253738403 1262 1980 1314 2031
bird 0.4911435544490814 808 1319 851 1366
bird 0.4891601800918579 480 2018 519 2056
bird 0.48755964636802673 743 2822 779 2862
bird 0.48229295015335083 507 622 559 672
bird 0.47978296875953674 2621 3220 2671 3272
bird 0.4785577356815338 598 2551 642 2593
bird 0.4733009338378906 2555 3125 2604 3176
bird 0.4721323549747467 1178 675 1236 736
bird 0.47150713205337524 2790 3397 2838 3443
bird 0.46674981713294983 2486 3063 2528 3095
bird 0.4658188819885254 3040 3513 3071 3558
bird 0.4624364376068115 1478 17 1511 56
bird 0.4615689814090729 3439 2418 3483 2460
bird 0.46094727516174316 5076 2531 5124 2575
bird 0.45780229568481445 1087 3344 1115 3377
bird 0.45609286427497864 2022 2862 2061 2901
bird 0.4527774155139923 714 23 756 62
bird 0.44558125734329224 815 2982 832 3022
bird 0.44447872042655945 5040 752 5091 805
bird 0.4438684284687042 506 53 556 104
bird 0.4438208341598511 1215 2231 1257 2270
bird 0.4265059530735016 1689 851 1748 912
bird 0.4227201044559479 495 395 516 425
bird 0.42075788974761963 982 1510 1040 1562
bird 0.4192177653312683 3481 2275 3515 2300
bird 0.41875311732292175 1682 2838 1715 2875
bird 0.41803911328315735 4515 3094 4555 3137
bird 0.4153931140899658 4845 3477 4892 3522
bird 0.41229385137557983 1323 2209 1370 2256
bird 0.4121031165122986 466 1742 503 1779
bird 0.41191014647483826 471 516 514 547
bird 0.4098975360393524 3269 3507 3284 3553
bird 0.4088453948497772 2513 279 2549 313
bird 0.4038321375846863 4565 2759 4613 2806
bird 0.39258456230163574 4508 3394 4548 3423
bird 0.38985854387283325 492 283 515 314
bird 0.3895142376422882 778 2124 826 2172
bird 0.3833479583263397 519 550 567 599
bird 0.37427183985710144 1777 2501 1825 2549
bird 0.3695233464241028 1149 12 1188 50
bird 0.3686729967594147 878 1398 934 1453
bird 0.36270901560783386 1804 11 1830 52
bird 0.3626827895641327 2327 2883 2372 2930
bird 0.36063846945762634 389 2499 432 2552
bird 0.3587230443954468 719 3202 762 3239
bird 0.34972381591796875 923 1744 973 1796
bird 0.3490951955318451 1721 2659 1749 2698
bird 0.34701278805732727 4482 1231 4536 1289
bird 0.3459246754646301 1210 1638 1255 1683
bird 0.34352684020996094 1884 2859 1913 2879
bird 0.33269351720809937 629 3404 667 3443
bird 0.3303091526031494 -8 314 33 360
bird 0.32511791586875916 2741 3418 2785 3462
bird 0.32464706897735596 67 222 131 274
bird 0.3229524791240692 3282 -4 3310 16
bird 0.32246801257133484 2669 2132 2703 2152
bird 0.3219023048877716 5006 699 5048 741
bird 0.3201305866241455 187 1685 227 1726
bird 0.3189556300640106 2083 699 2135 751
bird 0.3132665455341339 1742 2781 1783 2820
bird 0.3093022108078003 1250 1770 1299 1818
bird 0.30897367000579834 2451 29 2475 70
bird 0.308009535074234 864 2118 914 2165
bird 0.3050479590892792 2053 2898 2092 2934
bird 0.2902815639972687 4501 2943 4546 2985
bird 0.28961876034736633 3551 2287 3588 2319
bird 0.28354865312576294 2678 3316 2727 3364
bird 0.27571672201156616 4693 1997 4731 2028
bird 0.270363450050354 1351 49 1388 87
bird 0.27003535628318787 390 1633 430 1674
bird 0.2679811418056488 4599 2748 4647 2794
bird 0.2677087187767029 718 1194 763 1238
bird 0.2673564851284027 17 3514 59 3545
bird 0.26654165983200073 4192 3147 4220 3190
bird 0.26641324162483215 722 1301 774 1351
bird 0.2635817229747772 2416 3509 2455 3551
bird 0.2628273665904999 376 3341 418 3378
bird 0.261777400970459 1291 2415 1346 2468
bird 0.2612776458263397 688 3342 730 3382
bird 0.25837796926498413 1786 3068 1826 3087
bird 0.25537368655204773 0 2750 46 2778
bird 0.25461575388908386 1291 -4 1341 46
bird 0.252383828163147 860 1732 908 1780
bird 0.25234827399253845 5052 1667 5086 1703
bird 0.25227633118629456 332 3358 379 3406
bird 0.24443475902080536 470 1828 514 1871
bird 0.24435581266880035 1823 2532 1870 2578
bird 0.24344713985919952 2354 361 2392 394
bird 0.2419986128807068 487 535 516 562
bird 0.241641566157341 842 29 885 61
bird 0.2405698150396347 2235 2814 2284 2862
bird 0.23851963877677917 2621 -5 2652 19
bird 0.2381623536348343 3424 2452 3452 2475
bird 0.2364516705274582 1228 3072 1268 3097
bird 0.23552359640598297 1010 2532 1058 2578
bird 0.23442478477954865 1302 2451 1335 2471
bird 0.2339535355567932 747 3096 789 3139
bird 0.23308056592941284 740 3294 785 3341
bird 0.23254255950450897 2130 282 2157 319
bird 0.2298431694507599 4930 1956 4966 1993
bird 0.22810199856758118 273 3272 321 3325
bird 0.22627858817577362 331 1220 369 1246
bird 0.22625020146369934 373 3303 415 3343
bird 0.22392797470092773 1478 410 1518 450
bird 0.22221355140209198 816 2950 856 2969
bird 0.22181719541549683 1245 2067 1288 2093
bird 0.22138479351997375 2943 3561 2986 3587
bird 0.22040024399757385 269 3359 311 3380
bird 0.21590600907802582 4616 -5 4642 13
bird 0.2138260453939438 2612 821 2666 875
bird 0.21361690759658813 1820 391 1856 427
bird 0.21185562014579773 2035 312 2071 350
bird 0.21015077829360962 860 2173 904 2219
bird 0.20896226167678833 926 2943 965 2978
bird 0.20856371521949768 4492 3126 4538 3170
bird 0.20735271275043488 2789 1304 2827 1345
bird 0.20711004734039307 1870 2558 1919 2604
bird 0.20681747794151306 4783 3567 4824 3591
bird 0.20651134848594666 403 2954 427 2986
bird 0.20594383776187897 815 3011 833 3056
bird 0.2054554969072342 744 2880 777 2913
bird 0.20352470874786377 2964 2755 2993 2786
bird 0.20350314676761627 4805 3454 4843 3497
bird 0.20320436358451843 4236 71 4289 123
bird 0.20254576206207275 2223 97 2253 136
bird 0.20125360786914825 1418 2705 1458 2744
bird 0.20108304917812347 710 3318 752 3363
