bird 0.9467001557350159 2661 2032 2693 2085
bird 0.9424927830696106 2629 1970 2686 2003
bird 0.9321274161338806 2612 1996 2647 2054
bird 0.9224409461021423 2547 2020 2584 2077
bird 0.9018843173980713 2689 1996 2725 2053
bird 0.8987981677055359 2578 1889 2614 1922
bird 0.8806027770042419 2477 1994 2511 2028
bird 0.8743371963500977 2578 2066 2629 2102
bird 0.8560454845428467 2469 1914 2505 1943
bird 0.850336492061615 2469 1952 2518 1981
bird 0.8485986590385437 2500 1850 2541 1879
bird 0.8479554653167725 4078 3319 4127 3366
bird 0.8386539220809937 2508 1959 2550 1989
bird 0.8334227800369263 2470 1809 2518 1838
bird 0.8197287917137146 2673 1884 2706 1920
bird 0.8110721111297607 4679 890 4732 944
bird 0.8106831312179565 2173 327 2227 383
bird 0.8035992383956909 2464 1822 2500 1866
bird 0.7919971346855164 2612 1835 2654 1875
bird 0.7805684208869934 2495 1825 2544 1856
bird 0.7454160451889038 4436 3416 4492 3471
bird 0.741762638092041 4013 2150 4047 2182
bird 0.740863025188446 3927 955 3972 998
bird 0.7364723086357117 4057 1116 4105 1165
bird 0.7249478697776794 656 3258 714 3310
bird 0.7209096550941467 134 1086 189 1141
bird 0.719246506690979 427 2500 474 2549
bird 0.7169410586357117 355 2539 412 2586
bird 0.7083213329315186 4607 920 4661 974
bird 0.6962527632713318 2439 1951 2476 1977
bird 0.6908444166183472 4297 3117 4342 3161
bird 0.6883525252342224 2474 1860 2519 1889
bird 0.6823727488517761 342 2582 386 2625
bird 0.6797634959220886 2314 449 2354 490
bird 0.6794368028640747 2451 1855 2489 1888
bird 0.675521194934845 2451 1962 2493 1997
bird 0.66546231508255 2412 1983 2441 2016
bird 0.6653292179107666 2451 1910 2468 1945
bird 0.6605275869369507 1279 399 1320 428
bird 0.6513503193855286 807 2834 835 2876
bird 0.6445735692977905 2636 1787 2675 1825
bird 0.6307811141014099 136 1046 192 1102
bird 0.6267574429512024 4157 2648 4196 2680
bird 0.6206620335578918 4319 3271 4366 3314
bird 0.6200637817382812 4048 3357 4086 3384
bird 0.6136387586593628 805 566 849 614
bird 0.6092923879623413 4996 388 5050 444
bird 0.6051785945892334 2450 1992 2487 2024
bird 0.5739812254905701 4180 2746 4228 2792
bird 0.5678852796554565 3841 873 3891 922
bird 0.5335670709609985 4770 610 4817 656
bird 0.5208355188369751 4056 393 4102 439
bird 0.5181503295898438 4823 589 4871 634
bird 0.5165452361106873 5051 3347 5096 3387
bird 0.5133431553840637 2800 141 2837 180
bird 0.5099701881408691 1351 3342 1401 3391
bird 0.4968254864215851 1133 448 1183 500
bird 0.4751260578632355 3984 3431 4031 3477
bird 0.46092772483825684 797 723 852 781
bird 0.45648759603500366 4769 3097 4810 3139
bird 0.45322856307029724 4819 2926 4867 2971
bird 0.4461694657802582 4120 2501 4163 2535
bird 0.4417659044265747 2560 1833 2595 1861
bird 0.43536728620529175 415 2608 456 2648
bird 0.43457695841789246 4795 633 4837 673
bird 0.43388718366622925 4776 3068 4809 3106
bird 0.4287889003753662 4074 3369 4104 3406
bird 0.4251461625099182 2123 196 2160 231
bird 0.42336559295654297 5108 3457 5122 3498
bird 0.4211439788341522 3352 132 3378 171
bird 0.4174775183200836 599 2942 646 2989
bird 0.41687387228012085 4043 1324 4089 1371
bird 0.4162226617336273 3974 2134 4008 2168
bird 0.4121517241001129 4341 3212 4386 3254
bird 0.4109899699687958 4607 548 4655 596
bird 0.4108644127845764 4976 3054 5020 3097
bird 0.40683573484420776 5045 2813 5087 2854
bird 0.4060061275959015 4123 3267 4167 3310
bird 0.40501829981803894 4018 3323 4055 3363
bird 0.40453729033470154 638 1623 675 1651
bird 0.39976027607917786 4808 2860 4851 2902
bird 0.3948977291584015 799 483 848 531
bird 0.3922303318977356 4808 565 4855 612
bird 0.3836202323436737 3034 157 3062 201
bird 0.3804367780685425 4087 2201 4106 2242
bird 0.3804352283477783 320 2134 360 2164
bird 0.37418025732040405 20 2243 70 2293
bird 0.37282803654670715 2807 927 2857 979
bird 0.36826470494270325 450 2841 512 2889
bird 0.36811915040016174 497 2476 548 2527
bird 0.36728015542030334 2554 1787 2593 1826
bird 0.3657741844654083 4026 1139 4073 1187
bird 0.363372266292572 1803 134 1846 174
bird 0.3629559874534607 683 2731 736 2783
bird 0.36283063888549805 4172 3221 4201 3260
bird 0.35081446170806885 1806 227 1857 295
bird 0.3506072163581848 4070 1212 4117 1259
bird 0.34925368428230286 4175 3187 4201 3226
bird 0.3481889069080353 4989 2392 5013 2425
bird 0.3445991575717926 428 2847 475 2885
bird 0.33491435647010803 598 3283 639 3325
bird 0.3318215310573578 2348 3137 2406 3196
bird 0.3302868604660034 2581 1796 2627 1844
bird 0.3286266028881073 642 1532 701 1590
bird 0.3280949294567108 1241 396 1278 424
bird 0.32728707790374756 1331 1816 1383 1870
bird 0.32646748423576355 4565 2533 4612 2578
bird 0.3246200978755951 4242 3062 4287 3107
bird 0.3245331645011902 477 3332 518 3374
bird 0.3206552565097809 4427 1319 4478 1370
bird 0.3150804042816162 4963 2932 5007 2978
bird 0.31374841928482056 3356 752 3376 796
bird 0.3076086938381195 4393 3435 4445 3498
bird 0.30618011951446533 1067 399 1102 428
bird 0.3015051484107971 3987 729 4033 776
bird 0.3002743721008301 2875 519 2906 554
bird 0.2983162999153137 733 2532 783 2580
bird 0.2969774007797241 4001 1010 4057 1067
bird 0.2965419888496399 2598 1773 2634 1811
bird 0.2959127426147461 2875 541 2904 580
bird 0.2931848466396332 3306 1672 3338 1706
bird 0.2914888560771942 4317 3157 4365 3206
bird 0.28916651010513306 4818 3160 4867 3209
bird 0.28809356689453125 4845 2820 4889 2866
bird 0.28788307309150696 4659 1965 4688 1998
bird 0.2876412570476532 4988 3559 5021 3593
bird 0.2875467538833618 3710 21 3748 53
bird 0.28161489963531494 2731 42 2767 69
bird 0.27914726734161377 2705 2868 2737 2902
bird 0.2784969210624695 4726 676 4774 725
bird 0.2753450870513916 3901 3517 3946 3563
bird 0.2752312421798706 4089 2432 4134 2474
bird 0.2732587456703186 3566 98 3597 131
bird 0.2721550464630127 4180 655 4228 702
bird 0.26970022916793823 387 797 452 843
bird 0.26952528953552246 366 2500 406 2524
bird 0.2691839337348938 2862 938 2898 977
bird 0.2690105140209198 3533 221 3567 256
bird 0.26819393038749695 1301 154 1340 191
bird 0.2674853801727295 4765 1974 4805 2008
bird 0.26682665944099426 4505 2817 4547 2857
bird 0.26295626163482666 402 2515 431 2553
bird 0.2621375322341919 4927 2972 4974 3021
bird 0.2613027095794678 3942 3478 3994 3530
bird 0.26030492782592773 4870 488 4917 535
bird 0.26011785864830017 3965 3456 4005 3497
bird 0.257433146238327 4489 809 4525 837
bird 0.2556627094745636 685 1009 733 1056
bird 0.25541847944259644 4523 2270 4562 2296
bird 0.25436931848526 4476 512 4523 559
bird 0.25378528237342834 4059 3310 4101 3349
bird 0.2510395646095276 281 3553 321 3594
bird 0.2509891986846924 2205 622 2246 664
bird 0.24733103811740875 1067 426 1111 468
bird 0.24711787700653076 4023 2108 4058 2143
bird 0.24558494985103607 5100 1757 5127 1795
bird 0.24453674256801605 264 2543 307 2562
bird 0.2438335120677948 1004 327 1053 375
bird 0.24314050376415253 3997 1668 4034 1705
bird 0.2429230511188507 4203 2169 4240 2204
bird 0.2403217852115631 40 2152 84 2197
bird 0.23981668055057526 2799 38 2836 65
bird 0.23959094285964966 4207 3176 4253 3221
bird 0.23622716963291168 508 1048 558 1098
bird 0.23557785153388977 2861 571 2881 610
bird 0.23536032438278198 622 1215 663 1243
bird 0.2350706160068512 4298 3292 4335 3333
bird 0.23460912704467773 351 3281 398 3331
bird 0.23341520130634308 1174 3164 1210 3199
bird 0.23305371403694153 909 2022 963 2074
bird 0.23192539811134338 4258 2949 4287 2970
bird 0.23114247620105743 4963 3380 5008 3424
bird 0.2287089228630066 4164 398 4198 425
bird 0.22758983075618744 4861 2488 4901 2526
bird 0.22370395064353943 1324 3075 1364 3106
bird 0.21481098234653473 4111 2522 4158 2567
bird 0.21455930173397064 4761 1544 4809 1591
bird 0.21428534388542175 162 3032 198 3068
bird 0.21400320529937744 1248 3176 1281 3205
bird 0.2138417512178421 382 2799 425 2841
bird 0.2134532332420349 408 3559 454 3605
bird 0.2127196341753006 3698 740 3738 781
bird 0.21247878670692444 4232 2133 4269 2172
bird 0.21228739619255066 5090 2949 5126 2975
bird 0.2114132046699524 4523 2647 4562 2693
bird 0.21126286685466766 51 2624 93 2650
bird 0.2100774645805359 4894 1754 4935 1794
bird 0.2099795788526535 637 3234 680 3279
bird 0.2093254178762436 563 3562 610 3610
bird 0.20845456421375275 371 3486 417 3532
bird 0.20562531054019928 4949 1477 4999 1527
bird 0.20520849525928497 4962 1836 5000 1870
bird 0.20433904230594635 1290 341 1341 392
bird 0.2026323527097702 4266 3217 4312 3263
bird 0.2024279534816742 4328 2111 4361 2145
bird 0.20210525393486023 1053 3351 1099 3395
bird 0.2004598081111908 1283 1877 1331 1927
bird 0.20027457177639008 3480 322 3514 356
