bird 0.9148650169372559 2640 1745 2666 1780
bird 0.9128484725952148 2503 1832 2548 1879
bird 0.9078488945960999 2494 1773 2540 1823
bird 0.90439772605896 2449 1738 2488 1793
bird 0.9020358920097351 2582 1675 2607 1711
bird 0.8989692330360413 2546 1777 2598 1824
bird 0.8979213237762451 2444 1795 2490 1840
bird 0.8763463497161865 3320 2921 3352 2956
bird 0.8568177223205566 2552 1839 2605 1880
bird 0.8422417044639587 4690 2608 4735 2649
bird 0.8406704068183899 4112 2286 4160 2333
bird 0.8205584287643433 2430 1668 2458 1703
bird 0.8175269365310669 2460 1590 2501 1614
bird 0.8168342709541321 3483 335 3522 395
bird 0.8137995004653931 2458 1637 2495 1675
bird 0.8121682405471802 2540 1569 2569 1598
bird 0.802039384841919 2560 1592 2585 1623
bird 0.7854554653167725 5070 762 5111 801
bird 0.782262921333313 2474 1670 2510 1702
bird 0.7749257683753967 2397 1607 2425 1646
bird 0.7556294202804565 4895 2339 4940 2362
bird 0.7552233338356018 4960 2500 4999 2547
bird 0.7512450218200684 2488 1613 2522 1642
bird 0.7488793730735779 3484 534 3522 574
bird 0.7481215000152588 2977 3444 3008 3488
bird 0.7328099012374878 2580 1581 2612 1614
bird 0.715141773223877 3030 3343 3072 3386
bird 0.7126637101173401 2558 1536 2592 1573
bird 0.7103919982910156 4615 2585 4664 2614
bird 0.7094460129737854 2583 1555 2615 1594
bird 0.7036369442939758 692 451 738 498
bird 0.6950215697288513 2531 1583 2557 1616
bird 0.6827975511550903 5048 3138 5086 3175
bird 0.6809216737747192 3302 2889 3336 2913
bird 0.6803669929504395 2637 1671 2669 1704
bird 0.6716235876083374 2452 1614 2484 1642
bird 0.6532543897628784 3436 1224 3492 1270
bird 0.6344296336174011 2410 1651 2439 1673
bird 0.6237557530403137 1553 -18 1612 38
bird 0.6127115488052368 1436 3386 1505 3444
bird 0.6084820032119751 4772 2034 4811 2073
bird 0.6002716422080994 3464 1248 3514 1297
bird 0.5943758487701416 3355 2909 3376 2941
bird 0.5830253958702087 4771 -14 4821 35
bird 0.5761881470680237 5011 2506 5051 2557
bird 0.5739703178405762 4868 2499 4915 2546
bird 0.5704717040061951 266 1124 319 1185
bird 0.5618563294410706 2433 1633 2473 1658
bird 0.5603862404823303 2611 1631 2641 1656
bird 0.5536349415779114 4215 103 4253 142
bird 0.5489839315414429 2519 1563 2550 1588
bird 0.534610390663147 2469 1622 2506 1655
bird 0.5189287662506104 2685 1660 2719 1693
bird 0.5186763405799866 4218 5 4255 47
bird 0.5162035822868347 4765 2114 4813 2160
bird 0.5017768144607544 3118 3230 3164 3272
bird 0.4942900240421295 854 724 898 767
bird 0.49195775389671326 4127 27 4159 63
bird 0.4918886423110962 2635 1595 2670 1633
bird 0.48421451449394226 819 2501 847 2537
bird 0.462196409702301 4781 443 4828 489
bird 0.46038317680358887 4537 2974 4577 3009
bird 0.45771196484565735 1502 23 1543 65
bird 0.4534328877925873 514 2505 555 2541
bird 0.4512016773223877 885 3203 922 3238
bird 0.4472091495990753 4140 2525 4186 2570
bird 0.4383281171321869 1442 3223 1512 3295
bird 0.4310179650783539 4854 1543 4897 1581
bird 0.42536500096321106 697 2451 723 2497
bird 0.4243798553943634 3676 2603 3699 2634
bird 0.41352444887161255 4151 2080 4202 2129
bird 0.41296517848968506 356 3147 401 3192
bird 0.4028046429157257 3143 3170 3184 3208
bird 0.40109992027282715 470 719 514 763
bird 0.3888896405696869 666 1706 717 1758
bird 0.3887541890144348 603 513 647 558
bird 0.38588574528694153 123 952 179 1009
bird 0.3825679123401642 26 3300 54 3340
bird 0.3821888566017151 468 2588 508 2630
bird 0.3809770941734314 -2 2523 12 2561
bird 0.37986645102500916 7 1903 32 1948
bird 0.37346839904785156 2672 1633 2710 1647
bird 0.36659693717956543 4432 342 4471 380
bird 0.3659016191959381 3316 -5 3367 45
bird 0.36581191420555115 89 3399 135 3444
bird 0.36578568816185 3746 2534 3794 2581
bird 0.36519965529441833 3420 3068 3467 3115
bird 0.3626885414123535 656 434 698 475
bird 0.3626422584056854 2648 1620 2683 1652
bird 0.34204497933387756 45 909 96 962
bird 0.34162378311157227 3558 221 3595 255
bird 0.33739298582077026 4401 1723 4440 1746
bird 0.3365640938282013 4671 514 4710 550
bird 0.3297296166419983 4154 1964 4204 2015
bird 0.3253058195114136 3425 2822 3459 2863
bird 0.32492145895957947 697 204 740 238
bird 0.3209080696105957 4655 437 4695 474
bird 0.3203686475753784 2639 1632 2663 1667
bird 0.3170427680015564 4602 744 4640 777
bird 0.3166942596435547 4495 260 4541 310
bird 0.3153629004955292 -3 1696 45 1732
bird 0.31527090072631836 363 3001 402 3041
bird 0.31101226806640625 687 803 735 845
bird 0.309386670589447 5098 1251 5123 1281
bird 0.3022589087486267 4366 1979 4415 2029
bird 0.3003738522529602 273 95 313 126
bird 0.29404282569885254 4662 1809 4692 1859
bird 0.2935194969177246 324 3084 358 3117
bird 0.29164499044418335 4052 1680 4089 1719
bird 0.2878561317920685 7 3324 42 3355
bird 0.28629955649375916 4721 612 4750 647
bird 0.28505951166152954 431 2639 468 2676
bird 0.2805043160915375 4154 2181 4207 2230
bird 0.280065655708313 86 1648 148 1696
bird 0.2791961431503296 242 903 281 931
bird 0.2791108787059784 494 2986 516 3016
bird 0.2781285047531128 4539 1173 4573 1207
bird 0.2749464213848114 4784 1819 4819 1864
bird 0.2740909159183502 305 57 355 106
bird 0.27295348048210144 4192 2699 4242 2747
bird 0.27032944560050964 166 1653 208 1695
bird 0.2697743773460388 754 494 798 537
bird 0.26976528763771057 4568 1247 4608 1282
bird 0.26844096183776855 87 2116 126 2141
bird 0.266656756401062 4171 3507 4194 3550
bird 0.26339900493621826 38 2431 79 2466
bird 0.2633173167705536 227 216 259 249
bird 0.262572705745697 1918 2408 1954 2445
bird 0.2620653510093689 3570 3356 3610 3376
bird 0.2613036036491394 -9 686 14 724
bird 0.2596908211708069 4318 1257 4353 1290
bird 0.25914594531059265 3085 3249 3134 3300
bird 0.25881505012512207 294 865 339 909
bird 0.25613871216773987 694 1452 730 1487
bird 0.2559501528739929 7 1839 37 1873
bird 0.25547918677330017 4562 743 4595 773
bird 0.2551989257335663 596 2796 635 2819
bird 0.25437331199645996 3767 440 3788 469
bird 0.25363707542419434 128 592 167 631
bird 0.24544177949428558 329 3038 365 3072
bird 0.24308538436889648 312 1089 357 1136
bird 0.24211899936199188 314 1797 356 1837
bird 0.24013178050518036 4322 1225 4360 1258
bird 0.2393839955329895 34 1698 84 1735
bird 0.23732727766036987 290 1824 331 1863
bird 0.23524689674377441 763 653 819 702
bird 0.23409907519817352 4584 1269 4624 1299
bird 0.2331361472606659 4074 2884 4110 2922
bird 0.23298804461956024 3387 3237 3415 3275
bird 0.23297837376594543 4206 511 4238 544
bird 0.23157760500907898 311 2492 349 2526
bird 0.23157505691051483 222 3533 268 3578
bird 0.22991669178009033 451 91 492 120
bird 0.22860223054885864 4616 2610 4652 2643
bird 0.2275611311197281 3460 3070 3505 3121
bird 0.22746823728084564 4052 2365 4094 2406
bird 0.22555574774742126 4423 401 4453 438
bird 0.22493799030780792 794 3070 828 3098
bird 0.22263960540294647 4564 287 4603 326
bird 0.22125931084156036 317 2594 357 2633
bird 0.22118735313415527 4168 2858 4219 2907
bird 0.22016072273254395 4811 1644 4852 1673
bird 0.22006189823150635 3283 31 3333 81
bird 0.21960943937301636 5094 880 5124 910
bird 0.21869011223316193 4703 3565 4742 3592
bird 0.21814005076885223 4648 278 4685 317
bird 0.21719446778297424 3210 3380 3253 3422
bird 0.21480287611484528 408 309 443 337
bird 0.21442872285842896 4375 1747 4416 1789
bird 0.21295565366744995 2627 1615 2659 1645
bird 0.21268443763256073 4389 2039 4430 2062
bird 0.21192888915538788 574 3343 612 3378
bird 0.21138431131839752 2561 1562 2594 1595
bird 0.21056148409843445 424 675 471 720
bird 0.21004357933998108 4605 2585 4623 2619
bird 0.20895454287528992 841 3244 875 3279
bird 0.2082679718732834 879 3038 916 3068
bird 0.2081902027130127 4722 1300 4757 1335
bird 0.20811983942985535 4106 906 4138 926
bird 0.20785248279571533 -9 2649 34 2694
bird 0.20749159157276154 740 2342 777 2383
bird 0.2074234038591385 904 3229 924 3262
bird 0.20704269409179688 4389 338 4425 372
bird 0.2068413496017456 3766 1026 3807 1069
bird 0.20644809305667877 41 3362 78 3399
bird 0.20537830889225006 907 52 923 92
bird 0.20497921109199524 793 2883 828 2921
bird 0.2036411166191101 4964 1245 5017 1295
bird 0.20241697132587433 981 3220 1019 3259
bird 0.20210488140583038 791 251 829 288
bird 0.2017407864332199 3754 908 3790 923
