bird 0.9537811279296875 2522 1418 2578 1476
bird 0.9488829374313354 2616 1503 2666 1551
bird 0.9385250210762024 2569 1464 2632 1518
bird 0.9375090599060059 2520 1494 2581 1547
bird 0.9261264801025391 2568 1392 2629 1447
bird 0.9207953810691833 2707 1467 2749 1510
bird 0.8960530161857605 2774 1387 2799 1426
bird 0.891026496887207 2789 1371 2818 1405
bird 0.8879767656326294 2801 1399 2826 1438
bird 0.8686276078224182 2554 1542 2611 1595
bird 0.8325775265693665 4311 1484 4375 1546
bird 0.8325331211090088 2630 1338 2668 1374
bird 0.828987717628479 2683 1558 2726 1599
bird 0.8288640379905701 2666 1380 2696 1417
bird 0.8252795934677124 2821 1392 2852 1435
bird 0.8245428800582886 3345 2952 3378 2988
bird 0.8185245394706726 2725 1362 2747 1393
bird 0.8180708289146423 140 2319 188 2367
bird 0.807793378829956 4437 415 4494 470
bird 0.7970115542411804 2699 1314 2731 1357
bird 0.7907138466835022 3055 3094 3085 3126
bird 0.7899062037467957 1075 2788 1119 2834
bird 0.7896342277526855 2725 1326 2760 1358
bird 0.7823929190635681 2679 1343 2713 1388
bird 0.7767264246940613 2087 2782 2121 2817
bird 0.7713695168495178 4834 3023 4882 3071
bird 0.7528135180473328 4938 1834 4983 1879
bird 0.7420530319213867 2814 1377 2855 1408
bird 0.7208420038223267 4171 1587 4217 1631
bird 0.7075669169425964 417 2340 465 2389
bird 0.7041409611701965 4451 3526 4508 3583
bird 0.6918343901634216 4263 1906 4316 1960
bird 0.6845057606697083 2755 1517 2781 1551
bird 0.6709416508674622 1576 2782 1616 2826
bird 0.6698975563049316 2664 1280 2705 1312
bird 0.6676390171051025 3247 3008 3279 3048
bird 0.650693416595459 667 3435 721 3489
bird 0.644782543182373 5014 3368 5062 3417
bird 0.6366193294525146 606 2325 657 2376
bird 0.6239702701568604 2848 3244 2873 3286
bird 0.6120371222496033 1459 2786 1503 2829
bird 0.5863831639289856 3557 1941 3605 1994
bird 0.58249831199646 842 2410 894 2462
bird 0.5670747756958008 4920 1955 4979 2005
bird 0.5636231899261475 2655 1339 2695 1375
bird 0.5593456029891968 925 2530 972 2578
bird 0.5324335694313049 319 2861 360 2902
bird 0.5313684940338135 4485 317 4512 357
bird 0.5309908390045166 5001 1899 5049 1944
bird 0.518776535987854 2647 1310 2681 1345
bird 0.516819417476654 335 2938 378 2979
bird 0.5100030899047852 919 2770 965 2818
bird 0.5026770830154419 275 3057 315 3097
bird 0.5019658803939819 1675 2885 1726 2934
bird 0.4999326467514038 2448 2848 2477 2893
bird 0.4909362494945526 2024 2954 2060 2989
bird 0.485422819852829 316 2969 361 3018
bird 0.48227158188819885 2794 1554 2821 1586
bird 0.4794967770576477 664 2283 716 2335
bird 0.47503700852394104 4174 2885 4208 2914
bird 0.4724903106689453 997 3249 1037 3290
bird 0.47233062982559204 4961 2351 5001 2377
bird 0.47221294045448303 334 2898 371 2936
bird 0.46669888496398926 3430 2897 3466 2934
bird 0.45893317461013794 2111 2744 2142 2782
bird 0.4547877013683319 3559 1984 3605 2028
bird 0.45355576276779175 5100 3318 5129 3360
bird 0.4504520297050476 4537 3222 4582 3269
bird 0.4370511770248413 832 2443 872 2471
bird 0.4367366135120392 193 2783 221 2809
bird 0.43234783411026 1720 2786 1765 2834
bird 0.41107380390167236 2812 1475 2850 1509
bird 0.4107256829738617 154 2787 180 2814
bird 0.4061600863933563 93 2497 141 2542
bird 0.4049725830554962 2324 3187 2355 3226
bird 0.4032089114189148 4947 2619 4987 2665
bird 0.40104803442955017 2818 1519 2853 1553
bird 0.39914554357528687 1129 2759 1177 2805
bird 0.39762794971466064 1101 298 1142 325
bird 0.39645907282829285 966 2590 1014 2637
bird 0.39547213912010193 1643 2954 1687 2970
bird 0.3939833641052246 2776 1469 2802 1500
bird 0.39367714524269104 1835 2952 1877 2970
bird 0.3908804953098297 733 2250 782 2298
bird 0.3897770941257477 4753 43 4806 107
bird 0.3861679434776306 2124 2801 2150 2840
bird 0.3855419456958771 5085 1856 5128 1901
bird 0.3788297772407532 4583 524 4614 561
bird 0.3752729296684265 235 2785 262 2811
bird 0.374347984790802 4334 -10 4375 20
bird 0.37383541464805603 4210 2890 4247 2925
bird 0.36125925183296204 139 2278 193 2332
bird 0.35934603214263916 3740 3270 3784 3314
bird 0.3593277931213379 399 2206 449 2257
bird 0.35910433530807495 345 2813 397 2865
bird 0.35843127965927124 4972 2860 5012 2876
bird 0.3573833107948303 1195 3340 1237 3383
bird 0.35224154591560364 326 337 357 377
bird 0.35101404786109924 4085 2832 4106 2860
bird 0.3484308421611786 445 345 483 370
bird 0.33349716663360596 465 895 495 933
bird 0.3334701359272003 4669 88 4711 131
bird 0.3280240297317505 4535 3316 4576 3357
bird 0.3271755874156952 675 804 714 832
bird 0.3239336311817169 4485 458 4522 496
bird 0.32094112038612366 4391 395 4436 441
bird 0.3186355531215668 2060 3535 2093 3571
bird 0.31607869267463684 5022 475 5073 529
bird 0.31591010093688965 3427 3130 3473 3177
bird 0.31288620829582214 4746 2057 4804 2105
bird 0.30932778120040894 2782 1500 2815 1530
bird 0.3088317811489105 1570 3349 1617 3394
bird 0.3021745979785919 4472 3372 4518 3419
bird 0.2975509762763977 5032 2147 5073 2189
bird 0.2973838150501251 4512 1154 4565 1206
bird 0.2973521649837494 4574 2173 4605 2201
bird 0.2967801094055176 1015 1071 1072 1128
bird 0.29639554023742676 1313 465 1335 496
bird 0.2957240045070648 846 60 881 95
bird 0.2947339415550232 1131 3340 1176 3385
bird 0.29449132084846497 833 528 869 565
bird 0.2917901277542114 548 2373 602 2428
bird 0.29114851355552673 2772 1352 2810 1386
bird 0.29032930731773376 671 187 703 226
bird 0.28997284173965454 4616 1182 4657 1219
bird 0.2891220152378082 599 787 638 826
bird 0.2871461510658264 4470 1471 4514 1515
bird 0.28407514095306396 4377 2073 4416 2099
bird 0.2830340266227722 4191 2068 4231 2101
bird 0.2819550335407257 746 1391 816 1460
bird 0.2809857726097107 4510 3070 4560 3086
bird 0.27997279167175293 1028 2805 1072 2850
bird 0.27398931980133057 4073 2776 4111 2813
bird 0.27300840616226196 3999 2463 4026 2502
bird 0.27298569679260254 4573 84 4612 124
bird 0.2714134156703949 3512 2859 3551 2881
bird 0.2709476351737976 1727 1323 1765 1363
bird 0.26808783411979675 4913 3281 4951 3320
bird 0.2671659290790558 4777 2659 4818 2682
bird 0.26682794094085693 4116 1670 4163 1717
bird 0.2658119797706604 42 256 79 281
bird 0.2611478865146637 1314 3069 1350 3105
bird 0.2611347436904907 4627 2042 4666 2060
bird 0.2603095769882202 3921 2102 3962 2132
bird 0.2592647969722748 2953 3556 3000 3602
bird 0.25679272413253784 800 2359 852 2411
bird 0.2562491297721863 623 724 658 760
bird 0.2557515501976013 3460 2135 3504 2153
bird 0.25313758850097656 277 323 312 348
bird 0.2531045079231262 503 984 542 1024
bird 0.2510887682437897 227 492 262 524
bird 0.24962398409843445 304 985 333 1015
bird 0.24754397571086884 2945 -5 2968 24
bird 0.24702557921409607 581 2321 627 2366
bird 0.2466864436864853 870 219 907 254
bird 0.2447557896375656 4530 2478 4569 2504
bird 0.24233314394950867 4540 2538 4567 2561
bird 0.23755331337451935 267 2798 304 2835
bird 0.23598766326904297 4074 3284 4119 3331
bird 0.23594911396503448 2871 3420 2919 3466
bird 0.23567117750644684 4615 364 4649 403
bird 0.2330211102962494 4409 3558 4456 3605
bird 0.232564315199852 2268 3217 2300 3250
bird 0.23140336573123932 1072 340 1105 372
bird 0.2303614318370819 848 113 885 148
bird 0.2300569713115692 4030 2683 4063 2716
bird 0.22741341590881348 4694 3109 4728 3147
bird 0.22675517201423645 2730 821 2758 856
bird 0.22580645978450775 2848 3406 2885 3444
bird 0.22568930685520172 566 481 599 515
bird 0.2251397967338562 1869 2954 1911 2971
bird 0.22384697198867798 4494 169 4532 209
bird 0.2234734743833542 2965 3079 2992 3114
bird 0.22252224385738373 4677 1990 4724 2035
bird 0.22251133620738983 497 2322 542 2370
bird 0.22160489857196808 70 408 111 435
bird 0.22121289372444153 1076 221 1114 258
bird 0.21908710896968842 1468 3130 1510 3168
bird 0.2186010330915451 4163 583 4200 618
bird 0.21766434609889984 1557 895 1606 943
bird 0.21577630937099457 207 690 243 726
bird 0.21567636728286743 4374 3069 4416 3085
bird 0.21357949078083038 906 2750 949 2791
bird 0.21340319514274597 4815 2033 4853 2061
bird 0.21175797283649445 1667 -4 1724 51
bird 0.21049655973911285 73 2512 116 2557
bird 0.20888903737068176 249 925 287 954
bird 0.20817533135414124 1138 3197 1175 3236
bird 0.2080707550048828 305 2824 343 2862
bird 0.2059418112039566 2095 3433 2130 3461
bird 0.20520643889904022 1624 2947 1670 2990
bird 0.20135951042175293 4832 2011 4882 2059
bird 0.200738325715065 2794 1481 2822 1516
bird 0.2005079984664917 165 709 202 746
bird 0.20043498277664185 496 374 514 410
