bird 0.9468799233436584 3168 1405 3225 1461
bird 0.93617182970047 3149 1133 3183 1191
bird 0.9116981029510498 3073 1319 3122 1367
bird 0.9018201231956482 3096 1426 3148 1490
bird 0.9016602635383606 1632 1250 1675 1297
bird 0.8866875767707825 652 2428 703 2479
bird 0.8814928531646729 3110 1149 3145 1207
bird 0.8763629794120789 3186 1311 3235 1355
bird 0.8715815544128418 3932 1941 3973 1978
bird 0.8661606907844543 3978 1938 4022 1979
bird 0.8538004159927368 3924 1966 3968 2001
bird 0.8109024167060852 212 2207 266 2260
bird 0.8077196478843689 2093 3359 2145 3416
bird 0.803911566734314 4358 2828 4412 2882
bird 0.80208420753479 2754 1701 2790 1739
bird 0.8015154004096985 1384 3468 1444 3524
bird 0.7907692193984985 3950 1996 4002 2042
bird 0.7776095271110535 1965 3222 2012 3268
bird 0.7641969919204712 2734 1749 2765 1775
bird 0.7625529170036316 -22 2137 27 2188
bird 0.75813227891922 817 2561 865 2612
bird 0.7546132206916809 1858 494 1904 540
bird 0.7511608004570007 3370 1900 3407 1932
bird 0.7472770810127258 1963 2206 2005 2249
bird 0.7453497052192688 3973 1970 4017 2011
bird 0.7371270060539246 311 2154 364 2207
bird 0.7365083694458008 1432 3406 1482 3456
bird 0.7331727147102356 3801 3537 3853 3590
bird 0.7142157554626465 2709 1721 2746 1758
bird 0.7118702530860901 1666 1272 1719 1326
bird 0.7035304307937622 4096 3239 4150 3292
bird 0.6960228681564331 3204 2144 3230 2177
bird 0.6903526186943054 840 287 896 345
bird 0.6888080835342407 3270 653 3287 702
bird 0.6799287796020508 1819 1018 1865 1062
bird 0.6702048182487488 0 1558 43 1601
bird 0.6692985892295837 1908 907 1953 950
bird 0.6686804294586182 5066 2087 5110 2132
bird 0.6598724722862244 1369 385 1405 422
bird 0.6590998768806458 2730 1684 2764 1720
bird 0.6508623361587524 3577 2360 3609 2388
bird 0.6476225256919861 3700 3532 3750 3581
bird 0.6406792402267456 1742 3060 1787 3086
bird 0.6375882625579834 4767 2410 4820 2463
bird 0.6340092420578003 3921 3546 3976 3598
bird 0.6233937740325928 2264 3495 2309 3542
bird 0.616617739200592 5038 2157 5099 2209
bird 0.6072745323181152 2179 3431 2226 3480
bird 0.6002166271209717 4131 3158 4173 3203
bird 0.5966973304748535 2334 3555 2381 3600
bird 0.5954738259315491 4681 2454 4734 2507
bird 0.5905854105949402 1592 1074 1641 1122
bird 0.5887546539306641 4571 3434 4618 3485
bird 0.5847435593605042 1782 1692 1834 1743
bird 0.5812334418296814 4185 3420 4238 3473
bird 0.5734009146690369 2020 3290 2070 3340
bird 0.5658994913101196 4271 3352 4319 3397
bird 0.5633453726768494 1991 808 2032 841
bird 0.558856189250946 4249 3419 4299 3467
bird 0.5582613945007324 1376 423 1410 460
bird 0.5571125745773315 1719 1100 1750 1139
bird 0.5452659726142883 2029 746 2077 796
bird 0.5404477119445801 4220 3342 4271 3390
bird 0.5376886129379272 4667 3469 4713 3516
bird 0.5366935133934021 4579 845 4629 894
bird 0.5361297130584717 1429 1703 1477 1753
bird 0.5314204692840576 4583 1226 4609 1263
bird 0.529678463935852 819 1356 864 1399
bird 0.5293465852737427 1351 343 1392 382
bird 0.520883321762085 1990 2189 2033 2232
bird 0.5198622345924377 1906 655 1957 705
bird 0.5187050104141235 255 1776 313 1834
bird 0.5176194310188293 1267 1790 1310 1832
bird 0.5141465663909912 4742 2466 4797 2520
bird 0.5019782781600952 2742 1725 2771 1755
bird 0.5012931823730469 4737 474 4789 528
bird 0.49828895926475525 5037 2095 5080 2141
bird 0.4958524703979492 1707 3354 1747 3387
bird 0.4858701825141907 1949 850 1995 896
bird 0.4857330620288849 1329 536 1365 574
bird 0.4840286672115326 1669 1390 1718 1439
bird 0.48332467675209045 3193 3335 3227 3386
bird 0.48253387212753296 902 242 946 288
bird 0.4722965359687805 4329 3526 4372 3570
bird 0.46889251470565796 1624 1053 1649 1091
bird 0.46887609362602234 1988 2452 2020 2477
bird 0.4674682915210724 1968 700 2016 749
bird 0.4626782238483429 4641 3389 4688 3433
bird 0.45119673013687134 1974 408 2020 456
bird 0.44740888476371765 4392 2771 4439 2818
bird 0.4446128308773041 1852 607 1902 656
bird 0.438541054725647 4345 3471 4396 3530
bird 0.4232742488384247 1228 1827 1270 1868
bird 0.42029786109924316 3737 3486 3777 3525
bird 0.4182586371898651 1373 464 1407 501
bird 0.4166520833969116 4925 1048 4959 1081
bird 0.4082496762275696 2004 3181 2033 3217
bird 0.4062504172325134 5056 2113 5099 2157
bird 0.40345636010169983 3773 3556 3820 3602
bird 0.40334948897361755 1708 1483 1753 1529
bird 0.39782077074050903 1627 1279 1678 1334
bird 0.3970109224319458 1911 2111 1964 2165
bird 0.39697104692459106 4023 499 4062 519
bird 0.39607468247413635 1821 1793 1867 1838
bird 0.3952377736568451 769 1473 824 1529
bird 0.39504358172416687 1624 769 1651 808
bird 0.39163583517074585 18 1340 65 1388
bird 0.3875257968902588 4511 3561 4550 3599
bird 0.3851817846298218 856 1543 908 1592
bird 0.3782673180103302 1296 557 1331 595
bird 0.3743574023246765 4802 93 4846 136
bird 0.37349268794059753 963 3362 1001 3377
bird 0.37016400694847107 583 1263 628 1309
bird 0.3691857159137726 1066 1591 1117 1640
bird 0.36759188771247864 2722 1709 2768 1739
bird 0.36332350969314575 4679 3406 4723 3451
bird 0.35791122913360596 4732 814 4771 835
bird 0.3570305407047272 2047 728 2090 773
bird 0.356027752161026 4122 3190 4166 3235
bird 0.3493557870388031 1880 2120 1926 2167
bird 0.34465664625167847 4685 3490 4732 3536
bird 0.3445473611354828 4767 659 4819 710
bird 0.34304118156433105 2587 39 2634 90
bird 0.34278905391693115 4427 3551 4479 3603
bird 0.3373434543609619 4843 3504 4900 3561
bird 0.3370204567909241 -10 1343 18 1383
bird 0.3355943262577057 4041 1607 4080 1644
bird 0.33557167649269104 1782 1065 1829 1111
bird 0.3345392942428589 3859 1852 3898 1886
bird 0.3338516652584076 892 1546 932 1592
bird 0.33365389704704285 4755 639 4800 683
bird 0.3336222171783447 69 1641 118 1691
bird 0.33084636926651 4931 618 4975 664
bird 0.32819345593452454 4292 3537 4339 3584
bird 0.32753562927246094 906 1568 960 1620
bird 0.3272738754749298 -8 2810 43 2863
bird 0.3266814649105072 2806 2300 2841 2335
bird 0.3263937830924988 3327 621 3356 663
bird 0.32489463686943054 846 1607 882 1643
bird 0.32120954990386963 4482 321 4526 367
bird 0.32060471177101135 1181 1829 1220 1868
bird 0.3179008364677429 1752 1588 1798 1633
bird 0.31534427404403687 1444 3064 1485 3095
bird 0.3150922656059265 4666 2632 4718 2685
bird 0.31380945444107056 1645 1118 1692 1166
bird 0.3134608864784241 4273 3386 4320 3433
bird 0.3097400963306427 3229 1411 3269 1440
bird 0.30815598368644714 4351 656 4401 706
bird 0.30611661076545715 2730 409 2774 447
bird 0.30521804094314575 864 1586 903 1623
bird 0.30520927906036377 848 806 887 835
bird 0.3038027882575989 1191 1518 1242 1567
bird 0.301521897315979 4094 3208 4140 3257
bird 0.3011508584022522 4175 3414 4205 3453
bird 0.2997741997241974 4974 1023 5012 1049
bird 0.29920488595962524 3917 3513 3968 3570
bird 0.2990879714488983 167 3113 204 3151
bird 0.2969653308391571 4539 3457 4579 3496
bird 0.2929028868675232 2776 2339 2807 2364
bird 0.2893969416618347 962 990 1012 1042
bird 0.2887503504753113 1442 1548 1483 1589
bird 0.2881786525249481 1571 1133 1617 1180
bird 0.28521570563316345 1675 2020 1716 2062
bird 0.28344324231147766 1596 1184 1643 1230
bird 0.2792946994304657 4809 626 4855 673
bird 0.27891218662261963 1714 1861 1766 1914
bird 0.27846741676330566 1706 1160 1754 1209
bird 0.276922345161438 2949 2194 2970 2224
bird 0.2694035470485687 3177 67 3212 93
bird 0.2661975622177124 4083 76 4117 107
bird 0.2653350234031677 850 2605 888 2645
bird 0.26500993967056274 19 2701 58 2740
bird 0.26384031772613525 1741 2418 1775 2455
bird 0.26140695810317993 2000 2554 2034 2591
bird 0.2599261403083801 4837 314 4880 356
bird 0.25956782698631287 4236 3517 4278 3559
bird 0.25927191972732544 4508 783 4557 834
bird 0.25924959778785706 1631 2525 1655 2561
bird 0.2586236596107483 4661 3130 4689 3158
bird 0.258615106344223 4787 2344 4832 2390
bird 0.25709211826324463 1814 1961 1866 2012
bird 0.2568322718143463 1327 1981 1377 2031
bird 0.25681808590888977 4885 3430 4923 3468
bird 0.25650057196617126 767 1957 807 2000
bird 0.25638046860694885 2000 2657 2034 2694
bird 0.2562577724456787 4615 932 4655 966
bird 0.2557368278503418 5062 1937 5105 1984
bird 0.2550675868988037 4571 885 4617 930
bird 0.253512442111969 1361 219 1408 267
bird 0.25160467624664307 3887 113 3916 150
bird 0.2511785328388214 1344 255 1385 298
bird 0.24955545365810394 1536 2132 1579 2153
bird 0.24743889272212982 1747 1143 1794 1190
bird 0.2467823177576065 397 1710 426 1749
bird 0.24556587636470795 4085 476 4116 508
bird 0.24240726232528687 895 2939 929 2974
bird 0.24094316363334656 1009 673 1057 723
bird 0.23967871069908142 4652 131 4703 184
bird 0.23769396543502808 1988 2766 2031 2811
bird 0.23474639654159546 1013 1648 1068 1703
bird 0.2344382405281067 2150 1545 2189 1586
bird 0.23424191772937775 1418 3384 1462 3428
bird 0.23269909620285034 1174 1500 1222 1547
bird 0.23247171938419342 3200 113 3231 135
bird 0.2321237027645111 2042 -4 2085 13
bird 0.2309948056936264 1954 3211 1986 3248
bird 0.22915565967559814 428 -2 456 25
bird 0.22898860275745392 4587 1283 4613 1322
bird 0.22851702570915222 4368 3495 4416 3543
bird 0.22573016583919525 1886 530 1936 581
bird 0.22535686194896698 1224 580 1245 609
bird 0.22197921574115753 1305 2839 1338 2875
bird 0.2205883115530014 4623 3489 4668 3534
bird 0.22034966945648193 4263 578 4314 630
bird 0.2186482697725296 679 902 708 942
bird 0.21860280632972717 4714 1157 4751 1182
bird 0.218450665473938 4707 2402 4750 2447
bird 0.21828888356685638 1497 2215 1539 2243
bird 0.2182583063840866 506 2271 550 2315
bird 0.2176760882139206 1143 1511 1183 1551
bird 0.21735861897468567 1374 553 1415 597
bird 0.2158958464860916 185 1392 236 1443
bird 0.2151893526315689 1358 503 1393 539
bird 0.21509334444999695 1218 2630 1254 2666
bird 0.21492502093315125 1732 1107 1783 1158
bird 0.2148052304983139 887 1055 932 1103
bird 0.21360734105110168 1761 1040 1812 1091
bird 0.21269617974758148 3890 3473 3937 3522
bird 0.2105329930782318 1504 3139 1548 3184
bird 0.20932751893997192 -11 2454 30 2495
bird 0.20922154188156128 1310 1301 1362 1350
bird 0.20919269323349 4742 -12 4779 15
bird 0.208988219499588 4533 430 4576 474
bird 0.20855805277824402 315 1749 354 1790
bird 0.2083492875099182 4761 375 4811 425
bird 0.2080501765012741 1568 2164 1601 2195
bird 0.2073587328195572 4821 61 4863 103
bird 0.20491674542427063 986 2496 1029 2538
bird 0.2038521021604538 801 3500 831 3535
bird 0.20380090177059174 1886 2425 1920 2461
bird 0.20371094346046448 1564 2201 1597 2236
bird 0.2036827653646469 3921 3272 3972 3324
bird 0.20218822360038757 602 895 641 925
bird 0.20189768075942993 4229 3563 4268 3601
bird 0.20128090679645538 4584 3465 4636 3517
