bird 0.9186545014381409 4917 2908 4977 2964
bird 0.9113919138908386 3834 1281 3876 1317
bird 0.9112930297851562 2697 1062 2753 1122
bird 0.9037399291992188 1531 2040 1578 2087
bird 0.9023311138153076 2876 1270 2937 1319
bird 0.8981260657310486 2748 1247 2801 1302
bird 0.8933953642845154 2830 1323 2886 1390
bird 0.8891176581382751 2693 1761 2732 1788
bird 0.8865157961845398 2824 1182 2883 1237
bird 0.8590291142463684 4573 2911 4631 2967
bird 0.8578272461891174 60 3553 92 3594
bird 0.8563708662986755 4769 1147 4828 1207
bird 0.8549520373344421 3853 1231 3890 1268
bird 0.8482827544212341 4790 2722 4837 2770
bird 0.8455477952957153 3335 1852 3357 1884
bird 0.8433071374893188 2670 1093 2726 1150
bird 0.827078640460968 4798 1079 4859 1137
bird 0.8221372365951538 3809 1266 3850 1295
bird 0.8073345422744751 4795 2774 4843 2819
bird 0.8032106161117554 4958 2623 5016 2679
bird 0.7973225116729736 4760 2116 4815 2170
bird 0.7932654619216919 65 2999 94 3038
bird 0.791953980922699 1278 1291 1331 1345
bird 0.7880370616912842 874 1599 917 1644
bird 0.7859740257263184 4726 1234 4779 1285
bird 0.7855161428451538 4804 686 4859 739
bird 0.7774397730827332 4612 2825 4664 2877
bird 0.7760459184646606 3858 1292 3905 1340
bird 0.7702980637550354 965 301 1010 346
bird 0.7692000269889832 4688 2772 4744 2828
bird 0.7520430088043213 2719 1797 2747 1837
bird 0.7475324869155884 4736 2654 4790 2706
bird 0.7466896772384644 4664 2725 4706 2747
bird 0.7466840147972107 2972 3463 3006 3498
bird 0.7408444285392761 2367 2630 2403 2668
bird 0.7390825152397156 4686 3107 4740 3161
bird 0.7337405681610107 2680 1775 2717 1813
bird 0.7305462956428528 2679 1807 2723 1838
bird 0.7298745512962341 4670 2747 4726 2804
bird 0.7201980352401733 4896 2480 4953 2537
bird 0.7169463634490967 3158 3497 3188 3542
bird 0.7107782363891602 1405 1920 1451 1967
bird 0.7106301188468933 991 3558 1034 3586
bird 0.7092868685722351 863 1559 904 1600
bird 0.7088682055473328 4880 2450 4934 2505
bird 0.7076606750488281 1575 2034 1630 2087
bird 0.6955699324607849 4658 2649 4701 2683
bird 0.6954782009124756 5020 73 5066 123
bird 0.6907051801681519 1775 2367 1825 2417
bird 0.6885668039321899 3329 1557 3358 1593
bird 0.6854435205459595 5011 2618 5060 2663
bird 0.6852508783340454 4862 2447 4903 2481
bird 0.6813275814056396 74 3393 106 3427
bird 0.6811681389808655 5098 2450 5123 2490
bird 0.680487871170044 3860 1257 3902 1303
bird 0.6720595955848694 4945 2605 4993 2648
bird 0.6698656678199768 5004 2207 5058 2259
bird 0.6666640043258667 815 1495 854 1535
bird 0.6661454439163208 845 1524 885 1564
bird 0.6643386483192444 3759 1813 3799 1843
bird 0.6636993885040283 5014 2131 5054 2152
bird 0.6631327271461487 866 1636 909 1679
bird 0.6606988310813904 3272 3505 3301 3552
bird 0.6561743021011353 4569 2639 4606 2678
bird 0.6532045602798462 1558 1597 1603 1641
bird 0.6513601541519165 4794 1017 4828 1058
bird 0.6498430967330933 4623 47 4671 95
bird 0.63869309425354 4624 3035 4665 3079
bird 0.6345938444137573 5065 2249 5116 2294
bird 0.6237699389457703 4689 1566 4740 1616
bird 0.6203221678733826 266 1548 320 1605
bird 0.6116917729377747 4627 2883 4670 2926
bird 0.600783109664917 834 1711 879 1756
bird 0.5936863422393799 4987 2594 5033 2647
bird 0.5874230265617371 2860 1193 2876 1231
bird 0.5834922790527344 4865 2748 4918 2811
bird 0.5799047946929932 4688 2621 4719 2664
bird 0.5757182240486145 1341 1388 1390 1436
bird 0.5748594403266907 1487 1390 1539 1444
bird 0.572959840297699 4719 1574 4766 1623
bird 0.5726603269577026 854 382 888 416
bird 0.5566126704216003 4654 3127 4700 3173
bird 0.5551462769508362 4628 2699 4668 2735
bird 0.5476832389831543 4608 2926 4641 2960
bird 0.5476016998291016 1412 1983 1461 2032
bird 0.5474990010261536 5068 2455 5111 2488
bird 0.5466217398643494 3878 3561 3919 3585
bird 0.5432321429252625 1641 2131 1692 2181
bird 0.5412362217903137 2543 3181 2559 3221
bird 0.5400645732879639 4646 3049 4700 3104
bird 0.5369090437889099 405 3252 426 3283
bird 0.5331617593765259 1465 2013 1514 2058
bird 0.5290845632553101 2384 2603 2417 2639
bird 0.5283564925193787 4748 2914 4787 2940
bird 0.5263767838478088 693 2663 732 2701
bird 0.5247775912284851 5034 116 5084 165
bird 0.5194633603096008 3840 1310 3877 1351
bird 0.5183169841766357 1557 1743 1597 1777
bird 0.5140836834907532 1413 1387 1464 1440
bird 0.5079838037490845 3593 3532 3620 3575
bird 0.5071984529495239 4668 2894 4713 2939
bird 0.5020086765289307 4699 2690 4739 2727
bird 0.5018291473388672 896 249 942 297
bird 0.4987400472164154 404 1114 439 1158
bird 0.4909335970878601 269 1502 323 1565
bird 0.48933494091033936 4946 2535 4985 2574
bird 0.48774367570877075 948 376 993 419
bird 0.48379892110824585 1568 1399 1615 1445
bird 0.47926050424575806 849 2213 896 2265
bird 0.474123477935791 4112 3518 4153 3545
bird 0.4726921319961548 4572 2750 4620 2799
bird 0.4703451693058014 860 1676 900 1719
bird 0.4698750674724579 792 3151 832 3190
bird 0.46766072511672974 962 39 1005 76
bird 0.46416133642196655 4604 2720 4627 2749
bird 0.46049195528030396 3607 -8 3638 30
bird 0.4589739441871643 2859 1335 2877 1382
bird 0.45760828256607056 4736 62 4777 100
bird 0.45608267188072205 1281 2649 1318 2693
bird 0.45454639196395874 1604 500 1668 563
bird 0.4491639733314514 3516 -10 3551 23
bird 0.4378681182861328 3401 -3 3441 17
bird 0.437109112739563 806 1741 836 1777
bird 0.4368731677532196 4669 2675 4717 2724
bird 0.4349521994590759 1935 708 1992 768
bird 0.43264126777648926 4712 1258 4750 1292
bird 0.4321748912334442 3705 -7 3736 34
bird 0.4315466284751892 3800 495 3841 537
bird 0.4311102628707886 2532 3070 2562 3093
bird 0.42947354912757874 3915 3290 3955 3328
bird 0.42917072772979736 479 2771 512 2801
bird 0.4290511906147003 1105 2795 1139 2827
bird 0.4260790944099426 238 1564 290 1615
bird 0.4244759678840637 864 3067 918 3121
bird 0.41843894124031067 37 1253 79 1294
bird 0.41789647936820984 2420 -7 2445 26
bird 0.4166010022163391 4166 2931 4213 2958
bird 0.41394317150115967 1204 822 1258 877
bird 0.4054633378982544 3376 3518 3402 3560
bird 0.40436258912086487 1826 2253 1871 2294
bird 0.4042278826236725 3101 2260 3125 2291
bird 0.4029344916343689 892 3054 935 3100
bird 0.4017987549304962 1922 2315 1964 2356
bird 0.3938676714897156 941 2586 974 2625
bird 0.38662073016166687 5037 2217 5088 2270
bird 0.38211894035339355 1558 2079 1600 2119
bird 0.3817169666290283 4883 748 4938 803
bird 0.3801906704902649 4610 2860 4652 2873
bird 0.37512069940567017 4816 1388 4873 1445
bird 0.37226706743240356 4565 2716 4623 2773
bird 0.37194308638572693 1565 1464 1613 1511
bird 0.36070987582206726 4555 2689 4590 2726
bird 0.358605295419693 4860 2354 4904 2397
bird 0.35824257135391235 3057 3488 3084 3539
bird 0.35823526978492737 457 3003 484 3045
bird 0.358226478099823 1312 2522 1365 2549
bird 0.3546496629714966 1551 1529 1606 1580
bird 0.3537321388721466 239 2949 275 2970
bird 0.3492821156978607 812 2322 855 2368
bird 0.34690338373184204 1225 3543 1245 3584
bird 0.3433402180671692 2074 3232 2099 3274
bird 0.3417457044124603 4886 452 4937 507
bird 0.34024763107299805 2230 2610 2277 2656
bird 0.33310917019844055 407 993 426 1024
bird 0.3326549828052521 4139 3075 4181 3115
bird 0.321465402841568 919 1635 964 1681
bird 0.32128986716270447 1730 2192 1777 2238
bird 0.31995880603790283 4635 3119 4667 3148
bird 0.31256139278411865 2010 2367 2055 2409
bird 0.312554270029068 886 2244 929 2279
bird 0.3079943358898163 1251 3132 1279 3163
bird 0.30655041337013245 4677 1534 4722 1581
bird 0.30539074540138245 4908 -3 4936 20
bird 0.3053654730319977 2136 3458 2158 3495
bird 0.3035435378551483 4719 2638 4762 2679
bird 0.30263933539390564 2928 1234 2961 1269
bird 0.3012063503265381 4974 2537 5018 2579
bird 0.3009861409664154 -6 2756 19 2781
bird 0.2982635796070099 3771 3102 3785 3141
bird 0.2979555130004883 2103 2444 2139 2472
bird 0.29788753390312195 2443 2725 2480 2768
bird 0.29621195793151855 1565 1575 1600 1616
bird 0.2944202125072479 1637 2527 1681 2574
bird 0.29292547702789307 2947 3462 2967 3504
bird 0.29281100630760193 4534 3339 4574 3378
bird 0.290306955575943 4778 140 4829 192
bird 0.28510382771492004 1122 2523 1163 2564
bird 0.2837161719799042 4695 217 4751 273
bird 0.2836301624774933 2098 188 2132 216
bird 0.28305137157440186 826 1634 867 1675
bird 0.28254371881484985 3765 3070 3785 3114
bird 0.2824908196926117 486 2361 515 2393
bird 0.28034088015556335 1326 1311 1373 1359
bird 0.28020474314689636 4743 2028 4783 2068
bird 0.2799767851829529 3146 2259 3172 2292
bird 0.2768324911594391 2422 2857 2458 2900
bird 0.2766997814178467 2533 3118 2560 3155
bird 0.2719148099422455 2528 3494 2571 3541
bird 0.2703219950199127 5067 2991 5095 3030
bird 0.26468101143836975 386 3016 419 3050
bird 0.2642230987548828 1764 3136 1797 3170
bird 0.2639768123626709 2302 2936 2333 2972
bird 0.26348677277565 4747 2091 4795 2140
bird 0.2629983425140381 4661 3084 4715 3137
bird 0.2609557509422302 1570 1889 1616 1934
bird 0.25954896211624146 4622 3238 4663 3281
bird 0.25833722949028015 380 738 414 765
bird 0.2542453706264496 3816 3497 3857 3529
bird 0.2510625422000885 2065 2712 2102 2741
bird 0.2504972517490387 258 44 287 78
bird 0.24924305081367493 93 1276 131 1320
bird 0.24906477332115173 939 2617 971 2657
bird 0.2485765665769577 669 289 716 336
bird 0.24819624423980713 4032 2856 4067 2890
bird 0.24689441919326782 2502 617 2552 667
bird 0.24590297043323517 1323 1157 1373 1208
bird 0.24580831825733185 2946 161 2973 196
bird 0.2456309050321579 780 1474 816 1512
bird 0.2442859560251236 4167 2897 4216 2945
bird 0.2434038519859314 168 1920 213 1966
bird 0.24196599423885345 4656 2774 4703 2799
bird 0.24084153771400452 498 3277 533 3313
bird 0.2405034452676773 5093 76 5123 112
bird 0.24023248255252838 943 2644 981 2683
bird 0.2354280948638916 3100 2223 3139 2258
bird 0.2338263988494873 2652 2938 2691 2978
bird 0.23362447321414948 1941 2529 1990 2576
bird 0.23313403129577637 2484 87 2523 115
bird 0.23292356729507446 2641 3322 2685 3365
bird 0.23203298449516296 4183 3437 4212 3468
bird 0.23202909529209137 4641 3182 4682 3221
bird 0.2275582253932953 1547 1804 1593 1849
bird 0.22754015028476715 134 1707 185 1758
bird 0.22743012011051178 3267 8 3288 37
bird 0.2269028127193451 4704 2593 4748 2638
bird 0.2255568951368332 1281 2740 1321 2781
bird 0.22403550148010254 4308 3527 4340 3558
bird 0.2228747308254242 1717 2815 1766 2864
bird 0.2151990681886673 1311 1354 1339 1392
bird 0.21285468339920044 4630 2716 4688 2773
bird 0.21258096396923065 1389 1357 1436 1404
bird 0.21193160116672516 2099 2515 2153 2572
bird 0.21106474101543427 2131 1986 2168 2021
bird 0.2110515981912613 3986 165 4014 200
bird 0.21075858175754547 1159 1090 1210 1143
bird 0.2104913294315338 3703 1232 3735 1264
bird 0.20935948193073273 162 510 188 551
bird 0.20800159871578217 4750 1081 4799 1131
bird 0.2073640674352646 4590 2712 4610 2748
bird 0.20664721727371216 1234 1039 1286 1091
bird 0.20651505887508392 28 559 65 591
bird 0.20627480745315552 718 1359 769 1409
bird 0.2059321105480194 3982 3481 4010 3516
bird 0.2058999091386795 3074 111 3110 134
bird 0.2058739960193634 3038 46 3074 68
bird 0.2021283358335495 4562 2902 4605 2940
bird 0.2012413740158081 363 422 397 461
bird 0.20048081874847412 3913 3534 3946 3570
bird 0.20010881125926971 955 148 1000 193
