bird 0.9419540166854858 2487 1346 2547 1406
bird 0.9218913912773132 2389 1435 2449 1489
bird 0.9213183522224426 2220 1344 2280 1398
bird 0.9178949594497681 2223 1387 2285 1440
bird 0.8898435831069946 2391 1336 2454 1393
bird 0.8733876347541809 3129 623 3156 661
bird 0.8569559454917908 431 1465 478 1512
bird 0.853264331817627 4718 984 4771 1036
bird 0.8507623076438904 2502 1429 2565 1481
bird 0.8461097478866577 4956 1305 5013 1366
bird 0.8018563389778137 4802 1133 4862 1187
bird 0.7924885153770447 3124 673 3151 704
bird 0.7868189215660095 2142 2863 2185 2905
bird 0.7852656841278076 4342 3401 4389 3451
bird 0.7728132009506226 537 2159 592 2211
bird 0.7663235068321228 2730 1818 2764 1846
bird 0.7378208041191101 4275 3341 4323 3391
bird 0.7356243133544922 500 2096 550 2146
bird 0.7351095676422119 2141 2952 2180 2975
bird 0.7184003591537476 3148 682 3171 717
bird 0.7161799073219299 66 168 114 215
bird 0.7141457200050354 2775 1848 2800 1878
bird 0.7033777832984924 2712 1841 2748 1869
bird 0.7033233642578125 2748 1878 2786 1905
bird 0.7029218077659607 4313 2669 4363 2718
bird 0.6960834860801697 4781 208 4839 266
bird 0.6952835321426392 3141 2664 3170 2696
bird 0.6795539855957031 3221 1429 3259 1459
bird 0.6769662499427795 4769 3469 4824 3523
bird 0.6706366539001465 3483 1080 3517 1114
bird 0.6705651879310608 4160 2787 4202 2829
bird 0.6680734157562256 1305 3019 1336 3046
bird 0.6651017665863037 1966 2876 2011 2922
bird 0.6631521582603455 136 1506 174 1544
bird 0.6603959202766418 1427 2543 1476 2591
bird 0.6426988244056702 3180 662 3215 697
bird 0.6374391913414001 382 1992 432 2040
bird 0.6305134296417236 4831 1067 4878 1112
bird 0.6272419691085815 3004 1226 3036 1263
bird 0.6260535717010498 3161 661 3190 697
bird 0.6229961514472961 1838 2540 1878 2582
bird 0.6212831139564514 3752 52 3791 88
bird 0.6190283298492432 417 2106 468 2159
bird 0.6064305305480957 1594 2511 1640 2557
bird 0.6063279509544373 5097 1271 5128 1312
bird 0.6052188277244568 5100 970 5130 1013
bird 0.6040785312652588 388 1498 436 1546
bird 0.5982310175895691 2739 1857 2775 1889
bird 0.5978851318359375 4470 2528 4521 2577
bird 0.5957136750221252 4831 1192 4872 1236
bird 0.5952860116958618 389 1373 440 1424
bird 0.585671603679657 3809 46 3862 100
bird 0.5784922242164612 3158 634 3189 675
bird 0.5718241930007935 1932 2640 1975 2685
bird 0.5709004402160645 4865 732 4923 787
bird 0.56700599193573 393 1173 446 1225
bird 0.5657774209976196 517 1482 564 1531
bird 0.5566202402114868 302 1913 358 1967
bird 0.5518200993537903 4835 -11 4876 18
bird 0.5512173175811768 4879 270 4930 320
bird 0.5496140718460083 4969 2218 5021 2252
bird 0.5409535765647888 3131 2634 3162 2666
bird 0.5362118482589722 3741 26 3778 61
bird 0.532107949256897 4999 1281 5051 1332
bird 0.5251217484474182 1650 2456 1694 2499
bird 0.5251182913780212 1219 2488 1244 2528
bird 0.5234488844871521 4818 446 4875 502
bird 0.5234224796295166 4770 1030 4819 1078
bird 0.5154209136962891 3176 648 3214 674
bird 0.5145335793495178 4739 1127 4786 1174
bird 0.5126898884773254 1843 -12 1885 17
bird 0.5073723196983337 4780 973 4825 1018
bird 0.5068342089653015 1539 2560 1589 2609
bird 0.5064468383789062 1427 3191 1466 3233
bird 0.5060802102088928 1699 2398 1744 2445
bird 0.5052689909934998 2775 2798 2814 2835
bird 0.5051673054695129 2503 1302 2534 1342
bird 0.5051622986793518 4142 2814 4181 2846
bird 0.504794716835022 20 1503 74 1557
bird 0.49894043803215027 4603 1532 4628 1573
bird 0.4984484910964966 1555 1555 1614 1612
bird 0.49602052569389343 2167 2832 2211 2875
bird 0.4956321716308594 4976 -3 5020 41
bird 0.49502378702163696 4681 145 4743 206
bird 0.49330034852027893 4545 2461 4603 2510
bird 0.4905455708503723 2077 2892 2116 2930
bird 0.48499879240989685 1265 3019 1298 3050
bird 0.48487964272499084 4971 1095 5016 1139
bird 0.4845823049545288 1124 452 1165 491
bird 0.4800199568271637 4598 3069 4625 3110
bird 0.4790187478065491 4710 3418 4758 3467
bird 0.4780403971672058 4796 1188 4842 1230
bird 0.4655468165874481 4962 1207 5012 1258
bird 0.4638253450393677 627 3426 682 3482
bird 0.46354740858078003 117 1105 167 1157
bird 0.4633362293243408 4801 3523 4846 3571
bird 0.460196852684021 214 167 256 211
bird 0.45815014839172363 509 174 562 226
bird 0.45280492305755615 4870 635 4928 689
bird 0.4466034471988678 4736 926 4785 974
bird 0.4446914494037628 5019 1181 5068 1229
bird 0.43113410472869873 4856 1101 4906 1152
bird 0.4300832152366638 437 569 478 606
bird 0.4285789430141449 2032 2830 2061 2869
bird 0.4269486665725708 4116 2760 4153 2792
bird 0.42669957876205444 4646 1054 4687 1095
bird 0.4253216087818146 5003 -8 5052 40
bird 0.42442822456359863 4669 2636 4716 2682
bird 0.4235861897468567 2571 3130 2614 3159
bird 0.4231395423412323 4343 280 4390 328
bird 0.41972312331199646 700 3062 748 3092
bird 0.4167745113372803 2188 2873 2225 2911
bird 0.4167467951774597 2748 1835 2788 1864
bird 0.4138548672199249 4390 334 4439 384
bird 0.412569522857666 4397 2596 4448 2646
bird 0.4088575839996338 2293 2845 2328 2884
bird 0.4063568115234375 4940 123 4987 172
bird 0.40440255403518677 4976 77 5029 131
bird 0.40374863147735596 3365 1878 3391 1906
bird 0.4023669958114624 156 1713 203 1760
bird 0.40070149302482605 1859 23 1904 68
bird 0.39896729588508606 -15 1350 40 1407
bird 0.39689433574676514 794 2891 831 2926
bird 0.3962666392326355 1394 3270 1440 3317
bird 0.38814786076545715 368 1053 420 1116
bird 0.3848087787628174 1417 3107 1461 3150
bird 0.3841530978679657 4901 501 4959 559
bird 0.38398897647857666 177 1737 228 1787
bird 0.3837224841117859 4921 249 4969 297
bird 0.3756680190563202 4412 315 4463 367
bird 0.3748762905597687 4682 1088 4727 1135
bird 0.3680247664451599 4814 1214 4854 1241
bird 0.3675827980041504 4923 829 4981 885
bird 0.36480462551116943 4933 485 4991 542
bird 0.36386990547180176 1406 211 1448 251
bird 0.36142319440841675 4249 3361 4295 3408
bird 0.36028456687927246 2255 3543 2302 3588
bird 0.3600738048553467 2609 2768 2641 2802
bird 0.3597136437892914 1629 2435 1672 2477
bird 0.35839560627937317 287 894 335 941
bird 0.3583090305328369 4830 73 4880 124
bird 0.3565623164176941 2332 3350 2378 3396
bird 0.3552270531654358 1225 3031 1252 3060
bird 0.354727178812027 4931 2607 4976 2653
bird 0.3539555072784424 4990 2755 5022 2793
bird 0.35299205780029297 2916 2928 2950 2963
bird 0.35109424591064453 1403 3074 1442 3113
bird 0.35011258721351624 468 1429 526 1486
bird 0.3493233025074005 1749 2452 1793 2497
bird 0.348073810338974 4787 1215 4826 1242
bird 0.3475828766822815 4612 2942 4652 2979
bird 0.34731343388557434 3385 3298 3418 3330
bird 0.3467381000518799 4785 450 4837 503
bird 0.344866544008255 5011 2181 5043 2216
bird 0.33840394020080566 1477 2516 1520 2561
bird 0.338199645280838 4920 166 4971 216
bird 0.33736804127693176 1573 2490 1618 2533
bird 0.33681148290634155 3181 687 3207 720
bird 0.3351922929286957 4819 147 4877 203
bird 0.3344119191169739 486 1014 534 1062
bird 0.33377477526664734 1444 1659 1503 1718
bird 0.3308263123035431 1084 388 1115 425
bird 0.33058831095695496 4961 2711 5007 2754
bird 0.3261476159095764 2343 3386 2383 3426
bird 0.3249990940093994 768 489 815 534
bird 0.32294976711273193 5073 1280 5115 1323
bird 0.3186812102794647 4893 52 4942 98
bird 0.31661760807037354 3334 1839 3369 1882
bird 0.3147996664047241 750 403 783 440
bird 0.31478172540664673 4907 649 4963 704
bird 0.3139442205429077 769 3250 810 3286
bird 0.31137365102767944 2466 3530 2504 3553
bird 0.3058331608772278 2032 2740 2060 2780
bird 0.29723265767097473 4821 3502 4871 3552
bird 0.2961612045764923 466 2074 512 2120
bird 0.2961190640926361 4934 1233 4981 1280
bird 0.29571032524108887 4305 3345 4346 3385
bird 0.29540130496025085 304 1569 358 1622
bird 0.2938760221004486 628 2040 675 2087
bird 0.29012346267700195 3940 3162 3989 3208
bird 0.2891858220100403 4926 2821 4975 2871
bird 0.28680354356765747 44 1578 95 1630
bird 0.28522029519081116 1618 3503 1666 3568
bird 0.2843853235244751 4964 2677 5016 2727
bird 0.28325504064559937 757 213 802 258
bird 0.2774117588996887 4521 2759 4568 2807
bird 0.27559182047843933 1373 3042 1413 3082
bird 0.2751016616821289 3046 2734 3074 2766
bird 0.27474266290664673 -13 1193 22 1230
bird 0.2742335796356201 450 2792 490 2818
bird 0.27284395694732666 220 1643 275 1697
bird 0.272535502910614 2029 2913 2069 2951
bird 0.272295206785202 2233 3520 2278 3566
bird 0.27021580934524536 4867 2062 4899 2088
bird 0.26904577016830444 2040 -3 2068 25
bird 0.26893362402915955 -2 3237 26 3272
bird 0.2687625586986542 2505 2797 2533 2827
bird 0.2686559557914734 856 2484 892 2510
bird 0.2683466076850891 1800 3480 1847 3527
bird 0.2680140733718872 2413 3467 2454 3512
bird 0.2673164904117584 4723 3016 4771 3064
bird 0.2648864984512329 1100 2996 1140 3036
bird 0.2644555866718292 1709 417 1735 453
bird 0.263203889131546 2213 3497 2258 3543
bird 0.2620439827442169 -6 914 33 958
bird 0.26189878582954407 3448 3557 3495 3602
bird 0.2578478753566742 3028 2917 3061 2942
bird 0.25779297947883606 55 1094 103 1141
bird 0.25714293122291565 1309 307 1330 348
bird 0.2562771737575531 3665 3451 3711 3496
bird 0.2554466426372528 475 2315 519 2360
bird 0.2553466856479645 1715 2461 1758 2508
bird 0.2530481517314911 3391 1847 3423 1874
bird 0.2523837685585022 3083 3130 3108 3168
bird 0.2519594728946686 4948 94 4998 145
bird 0.24980150163173676 1793 2496 1836 2541
bird 0.24910420179367065 3901 12 3961 65
bird 0.24891634285449982 3357 2091 3379 2120
bird 0.24600888788700104 4973 485 5020 521
bird 0.24553292989730835 1639 429 1682 454
bird 0.24453526735305786 4948 2126 4981 2149
bird 0.24262318015098572 686 1009 724 1046
bird 0.2425697147846222 2836 3261 2879 3301
bird 0.24210520088672638 4996 2647 5021 2684
bird 0.2417282611131668 2196 2997 2226 3042
bird 0.24126961827278137 2950 439 2971 468
bird 0.24019041657447815 954 723 994 747
bird 0.23690395057201385 1434 3149 1472 3189
bird 0.23482340574264526 1980 2692 2024 2736
bird 0.2337535172700882 4983 3062 5018 3091
bird 0.23320458829402924 3676 2921 3696 2951
bird 0.23302480578422546 4420 1575 4476 1630
bird 0.23279783129692078 1078 1766 1135 1823
bird 0.23187562823295593 63 1301 112 1350
bird 0.22752350568771362 355 2859 398 2883
bird 0.22674806416034698 1415 3229 1452 3267
bird 0.2261882722377777 2540 279 2559 318
bird 0.22525851428508759 1313 3536 1332 3581
bird 0.22471261024475098 1436 557 1472 586
bird 0.22411315143108368 2513 3128 2550 3165
bird 0.22323758900165558 143 3025 180 3061
bird 0.22226758301258087 1723 2435 1749 2472
bird 0.2203262448310852 3691 3448 3732 3486
bird 0.21915078163146973 816 1113 833 1154
bird 0.21786360442638397 1960 2619 2000 2661
bird 0.21685709059238434 4569 1515 4612 1558
bird 0.21667897701263428 1112 -2 1153 11
bird 0.21612942218780518 2353 3331 2397 3377
bird 0.21560490131378174 895 2389 931 2426
bird 0.21555431187152863 220 2819 252 2850
bird 0.21534690260887146 889 2262 929 2305
bird 0.21518763899803162 1425 3029 1475 3080
bird 0.21480949223041534 336 1240 388 1292
bird 0.21198324859142303 4820 946 4868 995
bird 0.2115684598684311 4862 239 4901 278
bird 0.2110942304134369 4119 3258 4161 3299
bird 0.2103295773267746 752 2998 785 3032
bird 0.21010173857212067 516 815 553 849
bird 0.20865045487880707 353 824 399 870
bird 0.20789051055908203 489 308 521 344
bird 0.2068382054567337 3656 -4 3701 40
bird 0.20636796951293945 1763 1186 1814 1239
bird 0.2063237726688385 736 975 774 1010
bird 0.20622040331363678 389 108 427 149
bird 0.20502376556396484 1340 3022 1377 3059
bird 0.2049790918827057 4602 1814 4630 1844
bird 0.2043282836675644 -11 2701 16 2741
bird 0.20396149158477783 404 536 421 573
bird 0.20164035260677338 795 1009 830 1044
bird 0.20093819499015808 658 541 696 578
bird 0.20072028040885925 25 1210 68 1254
bird 0.20006492733955383 2557 168 2591 204
