bird 0.80638188123703 3142 2093 3176 2124
bird 0.7914946675300598 3225 2040 3256 2066
bird 0.7740307450294495 2142 1854 2173 1876
bird 0.7712430357933044 3477 1240 3512 1265
bird 0.7452757358551025 2108 1850 2143 1873
bird 0.7420883178710938 2935 2760 2955 2769
bird 0.7224740982055664 2873 2246 2896 2284
bird 0.6876283288002014 2958 2766 2967 2782
bird 0.6784906387329102 2652 3474 2692 3535
bird 0.6767864227294922 3430 2468 3443 2480
bird 0.6726875305175781 2935 2782 2945 2799
bird 0.6714068651199341 3638 2314 3657 2327
bird 0.6708823442459106 2915 2764 2934 2775
bird 0.6660363078117371 3444 2471 3455 2490
bird 0.6640997529029846 3398 2295 3419 2309
bird 0.6587942838668823 3854 1221 3867 1242
bird 0.6560536623001099 3438 2457 3458 2466
bird 0.6480308771133423 3412 2447 3430 2458
bird 0.6449065804481506 3806 1039 3842 1066
bird 0.6333757042884827 2671 2429 2696 2466
bird 0.631773054599762 3463 2452 3474 2470
bird 0.6306486129760742 3358 869 3381 882
bird 0.6286824345588684 2961 2725 2974 2743
bird 0.627944827079773 2760 2366 2794 2390
bird 0.6132054328918457 2970 2768 2986 2778
bird 0.6130841970443726 3455 2440 3471 2451
bird 0.6130356788635254 3085 2414 3113 2454
bird 0.6027982234954834 2649 2340 2684 2373
bird 0.6016203761100769 3486 2282 3507 2295
bird 0.6015700101852417 2933 2721 2952 2732
bird 0.5986995100975037 2943 2735 2954 2753
bird 0.5966630578041077 3453 2425 3470 2435
bird 0.5713824033737183 2762 2008 2795 2028
bird 0.5535500645637512 2976 2755 2991 2764
bird 0.550378680229187 3267 1489 3305 1517
bird 0.5492056012153625 2966 2747 2980 2756
bird 0.5371444225311279 2949 2764 2958 2779
bird 0.5228173136711121 2183 1218 2203 1231
bird 0.5184041261672974 3424 2436 3438 2453
bird 0.5121164321899414 2114 1815 2148 1838
bird 0.49855828285217285 3715 1387 3756 1411
bird 0.49720728397369385 3591 687 3642 730
bird 0.4955333471298218 2805 1314 2811 1329
bird 0.4954688549041748 2769 2448 2803 2474
bird 0.49186941981315613 2615 2149 2645 2182
bird 0.4868505299091339 126 3421 211 3520
bird 0.4836125373840332 2785 1324 2792 1333
bird 0.46441543102264404 2813 1325 2821 1336
bird 0.4630461037158966 2797 1339 2808 1346
bird 0.4592796564102173 2812 1355 2822 1363
bird 0.43870267271995544 3716 3555 3731 3569
bird 0.43331098556518555 2800 1355 2809 1362
bird 0.4314025044441223 2919 2734 2938 2745
bird 0.4126056730747223 2823 1334 2831 1349
bird 0.4005304276943207 942 1517 972 1553
bird 0.3986895978450775 2668 2195 2694 2231
bird 0.39286646246910095 2789 1342 2796 1354
bird 0.3916691243648529 3933 568 3954 584
bird 0.39015111327171326 531 2012 544 2025
bird 0.3809567987918854 2941 2407 2971 2444
bird 0.38022053241729736 591 1908 602 1922
bird 0.36880436539649963 2781 1335 2794 1341
bird 0.36744633316993713 3719 3567 3731 3578
bird 0.3626158833503723 2672 2126 2697 2167
bird 0.3569972515106201 5079 2541 5120 2607
bird 0.3548569083213806 2793 1326 2800 1337
bird 0.3487773835659027 2710 2299 2735 2322
bird 0.3451589047908783 2813 1339 2821 1350
bird 0.3439604938030243 2763 3409 2877 3535
bird 0.3362519443035126 2801 1331 2811 1341
bird 0.33216944336891174 3561 2295 3580 2308
bird 0.32857397198677063 548 1792 561 1806
bird 0.31819838285446167 2800 3407 2811 3444
bird 0.30693671107292175 3686 3520 3716 3544
