bird 0.8004852533340454 2666 2042 2686 2081
bird 0.796675443649292 2509 1859 2527 1870
bird 0.7799304723739624 2618 2006 2638 2047
bird 0.7772799730300903 2558 2026 2579 2065
bird 0.7676064372062683 2587 2076 2622 2095
bird 0.7630842924118042 2590 1896 2607 1912
bird 0.7599239945411682 2484 2002 2499 2021
bird 0.7534224987030029 2502 1812 2517 1824
bird 0.7423924803733826 2477 1851 2495 1864
bird 0.7402149438858032 2473 1818 2485 1835
bird 0.7387349605560303 2682 1895 2697 1914
bird 0.7382267713546753 2643 1978 2679 1997
bird 0.7363494038581848 2519 1834 2535 1843
bird 0.7336044907569885 2486 1817 2499 1830
bird 0.7287657260894775 2699 2007 2719 2044
bird 0.7271647453308105 2487 1871 2505 1880
bird 0.7258428931236267 2513 1968 2534 1979
bird 0.7156088352203369 2572 1843 2586 1850
bird 0.7131944894790649 2495 1841 2513 1850
bird 0.7111619114875793 2470 1837 2486 1848
bird 0.7109521627426147 2623 1849 2642 1864
bird 0.7099995017051697 2456 1972 2467 1989
bird 0.7076134085655212 2492 1957 2509 1970
bird 0.6932495832443237 2607 1813 2620 1819
bird 0.6889599561691284 2446 1959 2464 1970
bird 0.6881653666496277 2596 1804 2609 1811
bird 0.6849761605262756 2614 1785 2623 1798
bird 0.6808513402938843 2418 1987 2432 2005
bird 0.6728149652481079 2477 1922 2497 1933
bird 0.6703174710273743 2512 1823 2525 1837
bird 0.6679819822311401 2461 1863 2476 1877
bird 0.664699375629425 2649 1804 2662 1814
bird 0.6620344519615173 2325 460 2346 482
bird 0.6586410999298096 2479 1978 2493 1990
bird 0.6578157544136047 2457 1951 2475 1960
bird 0.6531544923782349 2569 1797 2578 1808
bird 0.6520772576332092 2448 1919 2462 1939
bird 0.6399784088134766 2458 2000 2468 2017
bird 0.6321739554405212 2468 1969 2481 1982
bird 0.6110138893127441 2483 1937 2493 1954
bird 0.609182596206665 2582 1800 2589 1812
bird 0.5946612358093262 2568 1807 2578 1818
bird 0.5887628197669983 634 1530 714 1584
bird 0.5841271877288818 4121 3195 4192 3272
bird 0.5739567279815674 2473 1959 2491 1969
bird 0.5686227679252625 2810 935 2849 971
bird 0.5484808683395386 145 1055 191 1135
bird 0.4983747601509094 4633 946 4648 962
bird 0.4974913001060486 2587 1825 2600 1832
bird 0.49518468976020813 3233 887 3242 897
bird 0.4916449189186096 2601 1829 2612 1840
bird 0.4818055331707001 2479 1965 2498 1976
bird 0.47808825969696045 4621 935 4643 954
bird 0.475897878408432 4888 998 4915 1015
bird 0.46829286217689514 2804 500 2810 510
bird 0.4670352637767792 3106 865 3115 875
bird 0.45385846495628357 3253 887 3264 893
bird 0.44997933506965637 3246 897 3252 904
bird 0.4482764005661011 4687 919 4722 928
bird 0.44685178995132446 2584 1817 2597 1825
bird 0.4395517110824585 4073 765 4081 775
bird 0.43838727474212646 2575 1824 2585 1832
bird 0.4360354244709015 2806 481 2811 490
bird 0.3990857005119324 3217 746 3225 760
bird 0.3954411447048187 4026 759 4040 770
bird 0.3897802531719208 1840 219 1856 303
bird 0.37981072068214417 2597 1832 2604 1843
bird 0.3733106553554535 3589 809 3598 824
bird 0.3358211815357208 4062 758 4070 768
bird 0.33124396204948425 2665 362 2674 376
bird 0.31647610664367676 4064 733 4073 742
bird 0.30526840686798096 2803 543 2811 555
bird 0.3043721318244934 3222 902 3232 910
bird 0.30376502871513367 4644 959 4652 971
bird 0.3036579191684723 2640 474 2648 482
