bird 0.7926632165908813 2447 1804 2476 1832
bird 0.744589626789093 2589 1591 2606 1605
bird 0.7358479499816895 2567 1599 2578 1618
bird 0.7330309152603149 2559 1846 2594 1869
bird 0.7305740118026733 2510 1839 2540 1872
bird 0.7250539660453796 2570 1578 2583 1594
bird 0.6977607607841492 2597 1563 2607 1581
bird 0.6952422261238098 2526 1570 2544 1580
bird 0.6846997737884521 2618 1637 2631 1648
bird 0.676662266254425 2560 1781 2585 1814
bird 0.6752614974975586 2541 1593 2556 1606
bird 0.6725068688392639 2646 1683 2664 1695
bird 0.6721728444099426 2578 1558 2595 1567
bird 0.670642077922821 2590 1685 2601 1705
bird 0.6633959412574768 2455 1748 2482 1783
bird 0.6622489094734192 2449 1618 2460 1635
bird 0.6504619717597961 2570 1545 2581 1562
bird 0.6502426266670227 2696 1671 2710 1680
bird 0.6430726647377014 2451 1658 2469 1668
bird 0.6395571231842041 2665 1630 2676 1638
bird 0.6376231908798218 2553 1558 2572 1570
bird 0.6331124305725098 2438 1637 2455 1647
bird 0.6306829452514648 2550 1571 2562 1589
bird 0.621259331703186 2648 1752 2661 1774
bird 0.6122335195541382 2406 1615 2419 1636
bird 0.6106811165809631 2461 1622 2476 1636
bird 0.6022740602493286 2480 1650 2491 1669
bird 0.5989847779273987 2438 1675 2451 1696
bird 0.5913638472557068 2454 1640 2465 1657
bird 0.5907132029533386 3716 960 3731 971
bird 0.5897655487060547 2485 1677 2503 1692
bird 0.5816599726676941 2650 1603 2658 1617
bird 0.5690045952796936 2654 1616 2664 1625
bird 0.5676900148391724 2634 1628 2647 1635
bird 0.5673670172691345 2685 1632 2700 1640
bird 0.5518947243690491 2666 1643 2677 1654
bird 0.5495997071266174 2420 1656 2435 1666
bird 0.5434352159500122 4628 2602 4648 2611
bird 0.5383903980255127 2496 1619 2512 1633
bird 0.5373026132583618 2507 1781 2538 1814
bird 0.5365308523178101 2644 1636 2654 1647
bird 0.5352627038955688 2466 1639 2481 1653
bird 0.530078113079071 2656 1634 2667 1643
bird 0.5001841187477112 2466 1649 2480 1667
bird 0.4951823353767395 4628 2585 4653 2599
bird 0.488781601190567 2473 1598 2494 1610
bird 0.4739016592502594 2588 1581 2602 1590
bird 0.4603175222873688 3717 808 3728 816
bird 0.4462446868419647 2483 1634 2499 1645
bird 0.43612849712371826 2649 1648 2657 1662
bird 0.43216830492019653 1555 0 1631 41
bird 0.41312333941459656 2642 1608 2650 1623
bird 0.37943243980407715 3770 963 3777 971
bird 0.361271470785141 3765 1496 3778 1507
bird 0.33365267515182495 4057 1726 4071 1737
bird 0.33310291171073914 3679 2608 3690 2628
bird 0.32445648312568665 3769 1510 3780 1518
bird 0.31407997012138367 3442 1232 3483 1262
