bird 0.693663477897644 2806 1403 2816 1421
bird 0.6763498187065125 2802 1561 2811 1576
bird 0.6679417490959167 2808 1426 2817 1446
bird 0.6607902646064758 2830 1399 2842 1415
bird 0.655218243598938 2830 1417 2843 1431
bird 0.650930643081665 2830 1388 2847 1398
bird 0.6463242173194885 2819 1510 2827 1524
bird 0.6411739587783813 2577 1410 2621 1432
bird 0.6371046304702759 2787 1478 2796 1493
bird 0.6323900818824768 2828 1531 2840 1543
bird 0.6235010623931885 2677 1386 2688 1408
bird 0.6207380294799805 2763 1525 2774 1546
bird 0.6120099425315857 2817 1380 2828 1396
bird 0.6064931154251099 2783 1412 2797 1429
bird 0.6025797128677368 3537 2355 3552 2368
bird 0.5921022891998291 2780 1386 2790 1405
bird 0.5885258913040161 2710 1336 2720 1354
bird 0.5797962546348572 4179 1602 4202 1622
bird 0.5753506422042847 2791 1362 2802 1380
bird 0.5718052387237549 2797 1383 2813 1399
bird 0.5601984262466431 2821 1497 2834 1504
bird 0.5318756699562073 2730 1364 2743 1383
bird 0.5291036367416382 3340 3285 3346 3295
bird 0.5276638865470886 2582 1473 2624 1496
bird 0.5266852974891663 1694 2787 1708 2799
bird 0.5243632197380066 2734 1334 2752 1350
bird 0.5233665704727173 2677 1290 2696 1302
bird 0.5203477740287781 2684 1327 2699 1341
bird 0.518515944480896 3457 3196 3464 3206
bird 0.5151208639144897 2719 1479 2740 1497
bird 0.5122620463371277 2702 1324 2715 1340
bird 0.4969961941242218 2535 1509 2575 1533
bird 0.4876837134361267 4273 1917 4308 1942
bird 0.4858055114746094 2539 1426 2564 1464
bird 0.48348337411880493 2676 1349 2688 1365
bird 0.480760782957077 939 2546 965 2568
bird 0.4767940640449524 3422 3197 3432 3206
bird 0.4726226031780243 2644 1350 2664 1363
bird 0.45333853363990784 2657 1323 2672 1336
bird 0.44693538546562195 2807 1520 2815 1533
bird 0.44608449935913086 2829 1487 2841 1496
bird 0.42795971035957336 2621 1507 2644 1545
bird 0.41756394505500793 4456 431 4480 458
bird 0.4082132577896118 2695 1570 2717 1585
bird 0.40281033515930176 3727 2381 3731 2393
bird 0.40008002519607544 2699 1350 2708 1368
bird 0.3925805687904358 3588 2417 3598 2422
bird 0.39157262444496155 2804 1485 2812 1495
bird 0.3886524438858032 2686 1341 2700 1354
bird 0.38537243008613586 4130 1952 4138 1960
bird 0.3829318881034851 2815 1420 2828 1432
bird 0.3733269274234772 2802 1497 2809 1509
bird 0.3705085217952728 3509 2724 3523 2733
bird 0.34182101488113403 4143 1953 4150 1960
bird 0.34005916118621826 4985 2216 4997 2227
bird 0.33944547176361084 1294 3223 1303 3237
bird 0.33328118920326233 2566 1551 2601 1578
bird 0.3272903263568878 3644 2315 3651 2323
bird 0.3259735703468323 2688 1356 2699 1371
bird 0.325295090675354 2690 1370 2706 1385
bird 0.3181961476802826 2711 1364 2726 1376
bird 0.3179604411125183 2822 1484 2833 1493
