bird 0.785825252532959 4675 2466 4726 2502
bird 0.7805811166763306 4754 2423 4810 2455
bird 0.7721431255340576 3180 1411 3215 1446
bird 0.7345400452613831 3113 1435 3134 1477
bird 0.7316780686378479 4736 2459 4791 2508
bird 0.7031642198562622 5047 2171 5091 2194
bird 0.698580265045166 3117 1147 3140 1195
bird 0.6691914796829224 3155 1137 3178 1186
bird 0.6654766201972961 2739 1756 2754 1770
bird 0.6587336659431458 2764 1710 2778 1725
bird 0.651918888092041 2799 2322 2812 2333
bird 0.6444026231765747 3982 2002 3997 2014
bird 0.6441985964775085 2739 1695 2753 1711
bird 0.63633131980896 2783 2342 2803 2357
bird 0.6340894103050232 2710 1734 2725 1747
bird 0.6326608657836914 3982 1992 3997 2001
bird 0.6323310732841492 3944 1954 3960 1968
bird 0.6316319704055786 2799 2312 2813 2319
bird 0.6271145343780518 3089 1320 3110 1365
bird 0.6076446175575256 221 2220 254 2245
bird 0.6065250039100647 3936 1975 3957 1987
bird 0.5970809459686279 2755 1730 2764 1748
bird 0.5968881845474243 2726 1734 2742 1744
bird 0.5962262749671936 2755 1722 2770 1730
bird 0.5929471254348755 2806 2303 2820 2311
bird 0.5894594788551331 4856 3523 4899 3563
bird 0.5796014666557312 3991 1954 4014 1967
bird 0.5770338177680969 3980 2014 3995 2027
bird 0.571729838848114 3939 1991 3955 2002
bird 0.5578569173812866 4369 2841 4408 2880
bird 0.5567072629928589 3378 1907 3399 1922
bird 0.5506494045257568 3191 1307 3220 1355
bird 0.5406907200813293 4637 3505 4705 3557
bird 0.5404746532440186 3941 2011 3957 2023
bird 0.5366883277893066 2708 1747 2723 1756
bird 0.5358949899673462 3997 1982 4011 1997
bird 0.5303200483322144 3209 2145 3226 2168
bird 0.5254738330841064 3960 1990 3980 2002
bird 0.5229817032814026 3957 2014 3973 2028
bird 0.5220330357551575 3709 3535 3731 3581
bird 0.5189065337181091 3582 2362 3603 2382
bird 0.5004376173019409 1833 1030 1854 1046
bird 0.4922025799751282 834 2578 856 2603
bird 0.4821245074272156 2838 2316 2848 2324
bird 0.4803173542022705 1446 3415 1461 3437
bird 0.4744740128517151 3986 1978 3999 1991
bird 0.47154128551483154 2736 1711 2747 1722
bird 0.4698365330696106 2721 1724 2738 1733
bird 0.46392500400543213 3954 2002 3970 2010
bird 0.45931655168533325 2823 2366 2833 2381
bird 0.459002286195755 4681 3485 4716 3520
bird 0.44880229234695435 672 2443 692 2466
bird 0.4471242129802704 1456 3426 1472 3444
bird 0.4369349777698517 848 297 893 348
bird 0.43476495146751404 326 2169 350 2193
bird 0.43376827239990234 4101 3168 4161 3280
bird 0.42691829800605774 2830 2311 2837 2324
bird 0.4262162446975708 1865 506 1891 552
bird 0.4149750769138336 2835 2328 2842 2341
bird 0.38568153977394104 2725 1715 2740 1725
bird 0.3564453721046448 104 460 119 464
bird 0.34527266025543213 1982 3005 1992 3021
bird 0.34073784947395325 0 2144 14 2186
bird 0.3333006501197815 1380 391 1393 411
bird 0.31115081906318665 2822 2328 2831 2339
