bird 0.8058587908744812 2759 1257 2788 1297
bird 0.7912148833274841 4801 2781 4841 2805
bird 0.7747449278831482 2681 1100 2712 1140
bird 0.759166419506073 4579 2916 4632 2953
bird 0.7582846283912659 4763 1165 4820 1201
bird 0.739928126335144 4607 2836 4651 2866
bird 0.7367959022521973 4744 2658 4781 2693
bird 0.7102620601654053 4880 2449 4926 2479
bird 0.6875619888305664 4794 1026 4832 1124
bird 0.6864798069000244 3884 1290 3894 1305
bird 0.6832686066627502 4706 1586 4760 1618
bird 0.6791279911994934 4722 1248 4779 1282
bird 0.6749447584152222 4896 2484 4939 2527
bird 0.6705929636955261 2710 1067 2736 1113
bird 0.6518436074256897 5076 2451 5119 2486
bird 0.643194317817688 4830 1094 4856 1120
bird 0.6431512832641602 4957 2627 5012 2661
bird 0.6359897255897522 2687 1771 2707 1783
bird 0.63258296251297 4608 2726 4633 2761
bird 0.6321644186973572 3871 1314 3880 1332
bird 0.6297466158866882 3841 1305 3853 1321
bird 0.6210502982139587 2716 1768 2736 1780
bird 0.618794858455658 3884 1266 3894 1283
bird 0.6156152486801147 2728 1816 2740 1835
bird 0.6137128472328186 3820 1276 3840 1287
bird 0.6074066758155823 3767 1820 3790 1834
bird 0.6059588193893433 4693 3111 4731 3152
bird 0.5989149212837219 279 1509 312 1595
bird 0.5987454056739807 3337 1562 3352 1584
bird 0.5894976854324341 2686 1819 2705 1829
bird 0.5837936997413635 65 3555 86 3581
bird 0.5815439224243164 4644 3174 4651 3183
bird 0.5800191760063171 4626 3037 4651 3066
bird 0.5705345869064331 3876 1281 3887 1294
bird 0.5642322897911072 3871 1269 3880 1284
bird 0.560306966304779 4788 2737 4825 2762
bird 0.557170569896698 4798 698 4858 732
bird 0.5507951974868774 3855 1321 3867 1338
bird 0.5466999411582947 486 3028 501 3036
bird 0.5464857220649719 2881 1277 2927 1303
bird 0.5430864691734314 2690 1802 2706 1811
bird 0.5330597758293152 3099 2225 3112 2234
bird 0.5200873017311096 3728 3527 3739 3540
bird 0.5176443457603455 3857 1307 3871 1319
bird 0.5148671269416809 3098 2236 3110 2245
bird 0.5066507458686829 3118 2244 3127 2253
bird 0.5014849305152893 4333 3253 4347 3263
bird 0.4947017729282379 995 3564 1028 3584
bird 0.4935167133808136 4673 2755 4712 2782
bird 0.49013611674308777 3830 1293 3845 1309
bird 0.48129117488861084 4881 2774 4932 2801
bird 0.4791782796382904 2723 1791 2735 1808
bird 0.4788253903388977 483 3038 494 3047
bird 0.47870969772338867 3133 2220 3143 2228
bird 0.4761238098144531 3711 0 3732 30
bird 0.4748059809207916 2696 1825 2710 1840
bird 0.47441405057907104 3768 3391 3776 3404
bird 0.47112318873405457 3109 2271 3119 2286
bird 0.46983784437179565 2688 1792 2705 1801
bird 0.46334707736968994 4634 3250 4650 3262
bird 0.46274369955062866 2847 1334 2872 1377
bird 0.45792627334594727 3861 1244 3879 1260
bird 0.45679572224617004 1565 1754 1587 1770
bird 0.45281678438186646 3889 1302 3899 1317
bird 0.4448544383049011 1353 1409 1378 1424
bird 0.43916845321655273 2700 1808 2717 1817
bird 0.43486127257347107 4632 3218 4648 3230
bird 0.433500736951828 3107 2247 3116 2255
bird 0.4301432967185974 1134 787 1163 802
bird 0.4262823462486267 3752 3348 3766 3356
bird 0.42465248703956604 481 3017 494 3028
bird 0.4203283488750458 471 3035 483 3044
bird 0.4185805916786194 961 2300 971 2310
bird 0.4146002233028412 4638 2897 4652 2927
bird 0.41439998149871826 4671 2764 4735 2808
bird 0.40831801295280457 5054 2250 5120 2283
bird 0.40759170055389404 2835 1188 2872 1225
bird 0.40631404519081116 1414 1942 1438 1955
bird 0.4057385325431824 1168 741 1182 753
bird 0.40345630049705505 1122 800 1143 812
bird 0.3934750258922577 1426 1410 1448 1426
bird 0.38386204838752747 4691 1521 4739 1613
bird 0.38232821226119995 460 3037 469 3047
bird 0.3789241909980774 4584 2760 4605 2798
bird 0.3739612400531769 5018 2630 5050 2654
bird 0.37359216809272766 3878 1319 3891 1332
bird 0.37052273750305176 3138 2233 3148 2244
bird 0.37028709053993225 4163 3248 4174 3258
bird 0.3699449598789215 3919 3220 3928 3229
bird 0.36103981733322144 3738 3545 3754 3553
bird 0.35870835185050964 3857 1293 3875 1306
bird 0.3586912155151367 4320 3249 4333 3259
bird 0.35565245151519775 4600 3453 4608 3466
bird 0.3456191420555115 2715 1781 2733 1791
bird 0.3442128598690033 4717 2701 4756 2734
bird 0.3399055600166321 3748 3334 3756 3342
bird 0.33794349431991577 4164 3236 4178 3248
bird 0.3366287052631378 4632 2702 4652 2738
bird 0.32924148440361023 4880 2775 4898 2791
bird 0.32861459255218506 4313 3262 4321 3270
bird 0.3280480206012726 5030 2218 5088 2249
bird 0.3211740255355835 1159 727 1171 741
bird 0.3205466568470001 4823 1394 4865 1427
bird 0.31924310326576233 1425 1413 1432 1423
bird 0.309037983417511 1145 752 1159 765
bird 0.3011781871318817 3686 3428 3697 3438
