bird 0.7027446031570435 2498 1359 2533 1391
bird 0.6823567152023315 3375 1884 3386 1901
bird 0.6763704419136047 4910 40 4968 94
bird 0.6742385029792786 3184 653 3195 668
bird 0.6741263270378113 3174 651 3182 666
bird 0.6728622913360596 3168 692 3178 711
bird 0.6601390838623047 2230 1401 2275 1424
bird 0.6601086854934692 4937 142 4974 174
bird 0.6562875509262085 2395 1450 2439 1472
bird 0.6518474817276001 2783 1854 2795 1872
bird 0.6480506658554077 3166 636 3179 651
bird 0.6460645198822021 2509 1437 2554 1464
bird 0.635775089263916 3230 1436 3250 1454
bird 0.6344707012176514 3159 648 3172 661
bird 0.6330976486206055 3139 632 3151 653
bird 0.6327932476997375 3152 690 3163 710
bird 0.6310277581214905 2749 1839 2761 1851
bird 0.6299460530281067 4846 64 4901 122
bird 0.6267221570014954 2721 1850 2738 1864
bird 0.6225442290306091 4794 216 4830 251
bird 0.6192587614059448 3131 684 3146 700
bird 0.6178627610206604 2757 1883 2771 1896
bird 0.617682158946991 4300 3356 4317 3374
bird 0.6129196882247925 4974 1314 5006 1333
bird 0.6048652529716492 3180 677 3189 695
bird 0.5948845148086548 3189 694 3199 711
bird 0.5941066145896912 3336 1859 3344 1873
bird 0.5898878574371338 3193 679 3205 695
bird 0.5829771161079407 4813 454 4862 496
bird 0.5775378942489624 2771 1885 2779 1901
bird 0.5773913264274597 2748 1869 2757 1884
bird 0.5726255774497986 4290 3366 4308 3383
bird 0.5716764330863953 4984 2194 5017 2212
bird 0.5694626569747925 2759 1861 2770 1881
bird 0.5649673938751221 3196 656 3209 671
bird 0.562114953994751 4166 2791 4192 2812
bird 0.5562142133712769 2737 1827 2755 1840
bird 0.5434067249298096 2405 1345 2442 1369
bird 0.5395997762680054 3201 673 3211 692
bird 0.5312930345535278 2226 1361 2271 1386
bird 0.5281007289886475 3013 1233 3028 1257
bird 0.5171769857406616 4963 88 5016 133
bird 0.5106567144393921 3344 1868 3351 1881
bird 0.5077165961265564 3356 1869 3364 1882
bird 0.4926747679710388 1841 3508 1853 3524
bird 0.4905592203140259 2758 1844 2777 1855
bird 0.49031609296798706 3493 1090 3512 1108
bird 0.4845275282859802 946 2259 958 2273
bird 0.4794391095638275 2740 1864 2750 1880
bird 0.47603273391723633 4960 163 4995 201
bird 0.47040626406669617 3403 1853 3415 1866
bird 0.46501630544662476 3169 669 3183 688
bird 0.45358985662460327 4348 3415 4376 3446
bird 0.45352044701576233 945 2275 959 2284
bird 0.43960997462272644 4620 2253 4635 2261
bird 0.40145373344421387 4421 1952 4435 1964
bird 0.3904136121273041 5021 1196 5052 1221
bird 0.36922556161880493 3359 1860 3368 1874
bird 0.3662136495113373 4911 264 4953 304
bird 0.36500173807144165 4589 1959 4598 1965
bird 0.36363139748573303 5014 2169 5030 2179
bird 0.36210301518440247 4831 154 4872 188
bird 0.34771761298179626 1049 2299 1086 2312
bird 0.3427518308162689 629 3429 690 3472
bird 0.3231578767299652 4594 2143 4600 2151
bird 0.3209957182407379 5097 1397 5111 1405
bird 0.3111686408519745 3353 1832 3360 1844
bird 0.310406357049942 3817 57 3849 97
bird 0.30475685000419617 86 1167 103 1180
bird 0.30348828434944153 1814 0 1892 65
